Lambdas scanned: 0.0 --> 1000 (step: 50)

OG Data
Cross-validation without regularization: order, chi2
 [[1.00000000e+00 1.16264910e+03]
 [2.00000000e+00 5.56374564e+01]
 [3.00000000e+00 9.42347275e+01]
 [4.00000000e+00 1.35891571e+02]
 [5.00000000e+00 1.82555004e+02]
 [6.00000000e+00 1.67731160e+02]
 [7.00000000e+00 1.84368342e+02]
 [8.00000000e+00 1.65551174e+02]
 [9.00000000e+00 1.65546380e+02]]
Optimized regularization parameters:
 9 [1000.0, 50.0, 700.0, 1000.0, 1000.0, 1000.0, 1000.0, 1000.0, 1000.0]
Cross-validation with optimized regularization: order, lambda, chi2
 [[1.00000000e+00 1.00000000e+03 1.11345514e+03]
 [2.00000000e+00 5.00000000e+01 5.38102815e+01]
 [3.00000000e+00 7.00000000e+02 7.76889219e+01]
 [4.00000000e+00 1.00000000e+03 8.50486964e+01]
 [5.00000000e+00 1.00000000e+03 8.95622593e+01]
 [6.00000000e+00 1.00000000e+03 9.35001767e+01]
 [7.00000000e+00 1.00000000e+03 9.70721584e+01]
 [8.00000000e+00 1.00000000e+03 9.98055879e+01]
 [9.00000000e+00 1.00000000e+03 9.98055879e+01]]
Table II: order, lambda, L, chi2, b, radius
 [[1.00000000e+00 1.00000000e+03 5.13760449e+03 4.94447918e+03
  9.74248499e+00 8.29442236e-01]
 [2.00000000e+00 5.00000000e+01 1.98427181e+03 1.95233101e+03
  9.82997814e+00 8.32517044e-01]
 [3.00000000e+00 7.00000000e+02 2.09608089e+03 1.93490721e+03
  9.96857420e+00 8.37364673e-01]
 [4.00000000e+00 1.00000000e+03 2.07336419e+03 1.93688678e+03
  1.00314889e+01 8.39555981e-01]
 [5.00000000e+00 1.00000000e+03 2.03829256e+03 1.93915670e+03
  1.00627320e+01 8.40642051e-01]
 [6.00000000e+00 1.00000000e+03 2.02033258e+03 1.93936499e+03
  1.00607871e+01 8.40574486e-01]
 [7.00000000e+00 1.00000000e+03 2.00650581e+03 1.93384785e+03
  1.00507630e+01 8.40226152e-01]
 [8.00000000e+00 1.00000000e+03 1.99266006e+03 1.92302066e+03
  1.00408592e+01 8.39881859e-01]
 [9.00000000e+00 1.00000000e+03 1.99266006e+03 1.92302066e+03
  1.00408592e+01 8.39881859e-01]]


Rebinned+PRad
  Cross-validation without regularization: order, chi2
 [[1.00000000e+00 1.01871145e+03]
 [2.00000000e+00 5.65368281e+01]
 [3.00000000e+00 1.51262935e+02]
 [4.00000000e+00 1.74834839e+02]
 [5.00000000e+00 1.92940400e+02]
 [6.00000000e+00 2.08748584e+02]
 [7.00000000e+00 2.19252469e+02]
 [8.00000000e+00 2.04255136e+02]
 [9.00000000e+00 2.04265894e+02]]
Optimized regularization parameters:
 9 [1000.0, 0, 200.0, 650.0, 1000.0, 1000.0, 1000.0, 1000.0, 1000.0]
Cross-validation with optimized regularization: order, lambda, chi2
 [[   1.         1000.          926.03681273]
 [   2.            0.           56.53682812]
 [   3.          200.           93.77117368]
 [   4.          650.          102.16577141]
 [   5.         1000.          104.6202367 ]
 [   6.         1000.          106.70290417]
 [   7.         1000.          108.34790199]
 [   8.         1000.          109.40944999]
 [   9.         1000.          109.40944999]]
Table II: order, lambda, L, chi2, b, radius
 [[1.00000000e+00 1.00000000e+03 2.22371681e+03 2.03762020e+03
  9.56507735e+00 8.23172274e-01]
 [2.00000000e+00 0.00000000e+00 7.31874316e+02 7.31874316e+02
  9.60716813e+00 8.24664165e-01]
 [3.00000000e+00 2.00000000e+02 7.83586538e+02 7.35199638e+02
  9.71230824e+00 8.28379076e-01]
 [4.00000000e+00 6.50000000e+02 8.28776338e+02 7.55729597e+02
  9.67752920e+00 8.27152076e-01]
 [5.00000000e+00 1.00000000e+03 8.35222378e+02 7.63268563e+02
  9.67614760e+00 8.27103296e-01]
 [6.00000000e+00 1.00000000e+03 8.17282258e+02 7.59094181e+02
  9.69043923e+00 8.27607753e-01]
 [7.00000000e+00 1.00000000e+03 8.04046994e+02 7.53373093e+02
  9.69068950e+00 8.27616584e-01]
 [8.00000000e+00 1.00000000e+03 7.92763807e+02 7.46201731e+02
  9.68558123e+00 8.27436313e-01]
 [9.00000000e+00 1.00000000e+03 7.92763807e+02 7.46201731e+02
  9.68558123e+00 8.27436313e-01]]



Rebinned
Cross-validation without regularization: order, chi2
 [[1.00000000e+00 1.01580875e+03]
 [2.00000000e+00 5.63769959e+01]
 [3.00000000e+00 1.61176864e+02]
 [4.00000000e+00 1.73593235e+02]
 [5.00000000e+00 2.12865048e+02]
 [6.00000000e+00 2.03727411e+02]
 [7.00000000e+00 2.22222570e+02]
 [8.00000000e+00 2.03419495e+02]
 [9.00000000e+00 2.03399221e+02]]
Optimized regularization parameters:
 9 [1000.0, 0, 250.0, 700.0, 1000.0, 1000.0, 1000.0, 1000.0, 1000.0]
Cross-validation with optimized regularization: order, lambda, chi2
 [[   1.         1000.          924.49469923]
 [   2.            0.           56.37699589]
 [   3.          250.           94.15568538]
 [   4.          700.          102.34005967]
 [   5.         1000.          104.88799399]
 [   6.         1000.          107.10327993]
 [   7.         1000.          108.82380069]
 [   8.         1000.          109.90161766]
 [   9.         1000.          109.90161766]]
Table II: order, lambda, L, chi2, b, radius
 [[1.00000000e+00 1.00000000e+03 2.13427021e+03 1.94810318e+03
  9.56389262e+00 8.23130242e-01]
 [2.00000000e+00 0.00000000e+00 6.42473736e+02 6.42473736e+02
  9.61071457e+00 8.24789743e-01]
 [3.00000000e+00 2.50000000e+02 7.05397993e+02 6.47166813e+02
  9.72206754e+00 8.28723056e-01]
 [4.00000000e+00 7.00000000e+02 7.44763459e+02 6.66830880e+02
  9.68976438e+00 8.27583939e-01]
 [5.00000000e+00 1.00000000e+03 7.45548970e+02 6.72427380e+02
  9.69830596e+00 8.27885296e-01]
 [6.00000000e+00 1.00000000e+03 7.27288089e+02 6.67907902e+02
  9.71946638e+00 8.28631389e-01]
 [7.00000000e+00 1.00000000e+03 7.13940088e+02 6.62339746e+02
  9.72196075e+00 8.28719293e-01]
 [8.00000000e+00 1.00000000e+03 7.02664312e+02 6.55408940e+02
  9.71664775e+00 8.28532045e-01]
 [9.00000000e+00 1.00000000e+03 7.02664312e+02 6.55408940e+02
  9.71664775e+00 8.28532045e-01]]




OG + PRad
Cross-validation without regularization: order, chi2
 [[1.00000000e+00 1.15612540e+03]
 [2.00000000e+00 5.51928132e+01]
 [3.00000000e+00 8.27056570e+01]
 [4.00000000e+00 1.48109763e+02]
 [5.00000000e+00 1.77139304e+02]
 [6.00000000e+00 1.68669685e+02]
 [7.00000000e+00 1.79148857e+02]
 [8.00000000e+00 1.64564009e+02]
 [9.00000000e+00 1.65005309e+02]
 [1.00000000e+01 1.65005309e+02]]
Optimized regularization parameters:
 10 [1000.0, 50.0, 600.0, 1000.0, 1000.0, 1000.0, 1000.0, 1000.0, 1000.0, 1000.0]
Cross-validation with optimized regularization: order, lambda, chi2
 [[1.00000000e+00 1.00000000e+03 1.10659972e+03]
 [2.00000000e+00 5.00000000e+01 5.38477331e+01]
 [3.00000000e+00 6.00000000e+02 7.67583312e+01]
 [4.00000000e+00 1.00000000e+03 8.35972100e+01]
 [5.00000000e+00 1.00000000e+03 8.79236861e+01]
 [6.00000000e+00 1.00000000e+03 9.19898479e+01]
 [7.00000000e+00 1.00000000e+03 9.56462082e+01]
 [8.00000000e+00 1.00000000e+03 9.83832445e+01]
 [9.00000000e+00 1.00000000e+03 9.83832445e+01]
 [1.00000000e+01 1.00000000e+03 9.83832445e+01]]
Table II: order, lambda, L, chi2, b, radius
 [[1.00000000e+00 1.00000000e+03 5.22987950e+03 5.03653827e+03
  9.73788939e+00 8.29280416e-01]
 [2.00000000e+00 5.00000000e+01 2.07919627e+03 2.04761745e+03
  9.81408027e+00 8.31959183e-01]
 [3.00000000e+00 6.00000000e+02 2.17312762e+03 2.03407457e+03
  9.94465978e+00 8.36530231e-01]
 [4.00000000e+00 1.00000000e+03 2.17622191e+03 2.04654388e+03
  9.97732234e+00 8.37669712e-01]
 [5.00000000e+00 1.00000000e+03 2.14314017e+03 2.04858044e+03
  1.00003615e+01 8.38472535e-01]
 [6.00000000e+00 1.00000000e+03 2.12527400e+03 2.04740172e+03
  9.99627662e+00 8.38330250e-01]
 [7.00000000e+00 1.00000000e+03 2.11098096e+03 2.04073898e+03
  9.98596125e+00 8.37970834e-01]
 [8.00000000e+00 1.00000000e+03 2.09659491e+03 2.02908863e+03
  9.97606385e+00 8.37625837e-01]
 [9.00000000e+00 1.00000000e+03 2.09659491e+03 2.02908863e+03
  9.97606385e+00 8.37625837e-01]
 [1.00000000e+01 1.00000000e+03 2.09659491e+03 2.02908863e+03
  9.97606385e+00 8.37625837e-01]]



