"C:\Users\Michael Chen\Downloads\radius-master\venv\Scripts\python.exe" C:/Desktop/pythonProjects/Comments-On-GrimolinRussel22/run_alternative_data/plot_alt_data.py
200
200
[0.0, 0.0, 0.0, 0.0, 0.0, 0.0, 0.0, 0.0, 0.0, 0.0, 0.0, 0.0, 0.0, 0.0, 0.0, 0.0, 0.0, 0.0, 0.0, 0.0, 0.0, 0.0, 0.0, 0.0, 0.0, 0.0, 0.0, 0.0, 0.0, 0.0, 0.0, 0.0, 0.0, 0.0, 0.0, 0.0, 0.0, 0.0, 0.0, 0.0, 0.0, 0.0, 0.0, 0.0, 0.0, 0.0, 0.0, 0.0, 0.0, 0.0, 0.0, 0.0, 1.3470503563338358e-302, 2.0729686517801477e-285, 9.969447885002607e-269, 1.4991202071179108e-252, 7.052241810374573e-237, 1.0384906012042063e-221, 4.7900783850813076e-207, 6.92545171696748e-193, 3.1408012054156464e-179, 4.4715868317334467e-166, 2.0002041000643735e-153, 2.8135937628849497e-141, 1.2457368372199215e-129, 1.7377719170190102e-118, 7.645479999287707e-108, 1.0620045585133066e-97, 4.662747137783091e-88, 6.478216095256507e-79, 2.8516172357545546e-70, 3.9819266639170644e-62, 1.7661405338408783e-54, 2.491555983805203e-47, 1.1195214760916336e-40, 1.604475461325927e-34, 7.345383572754931e-29, 1.0758155268373222e-23, 5.048745138515102e-19, 7.60415372267151e-15, 3.681786678484206e-11, 5.740425031616723e-08, 2.8871102670591208e-05, 0.004692361730973458, 0.24690044741166678, 4.21372821577944, 23.36984107188715, 42.20250209044681, 24.864549848471743, 4.789252736365041, 0.3022055111834192, 0.006260441947355967, 4.2669131172630945e-05, 9.58924851880131e-08, 7.12181247700578e-11, 1.7519520764045555e-14, 1.4308278358473472e-18, 3.8887571884573006e-23, 3.5256104795467934e-28, 1.0688492918406277e-33, 1.0862568929344669e-39]
Integrating the pdf from -inf to +inf:  (1.000000000023868, 9.202938907295973e-09)
0.009449128696103789
200
200
[0.0, 0.0, 0.0, 0.0, 0.0, 0.0, 0.0, 0.0, 0.0, 0.0, 0.0, 0.0, 0.0, 0.0, 0.0, 0.0, 0.0, 0.0, 0.0, 0.0, 0.0, 0.0, 0.0, 0.0, 0.0, 0.0, 0.0, 0.0, 0.0, 0.0, 0.0, 0.0, 0.0, 0.0, 0.0, 1.36439e-318, 4.444020762568922e-306, 7.991738725321324e-294, 8.054499438996037e-282, 4.548639294213511e-270, 1.43913231142666e-258, 2.5506088016161452e-247, 2.532068697041525e-236, 1.4079173126688775e-225, 4.3847747214379633e-215, 7.648938868998735e-205, 7.47430782855009e-195, 4.091716605737233e-185, 1.2550773889741134e-175, 2.1574868061437197e-166, 2.078918141053011e-157, 1.1231912369522085e-148, 3.4035261213286332e-140, 5.786446839091365e-132, 5.521628222657095e-124, 2.958528822823458e-116, 8.905027782107128e-109, 1.5064653399593792e-101, 1.4331018777040778e-94, 7.670695344277201e-88, 2.311499451716166e-81, 3.9240249414304626e-75, 3.7552765639615003e-69, 2.0273713240270292e-63, 6.179174959989571e-58, 1.0640784451549135e-52, 1.0361397469240431e-47, 5.709991589814135e-43, 1.7824247568518258e-38, 3.1546184956082853e-34, 3.168536631045483e-30, 1.8079156070879226e-26, 5.866123948188889e-23, 1.0835247428941567e-19, 1.1405555139346186e-16, 6.849738869480549e-14, 2.3497193316246666e-11, 4.609576600058139e-09, 5.17776113276427e-07, 3.3343088597008516e-05, 0.001232574931207981, 0.02619022249006188, 0.320310928251201, 2.257942939312644, 9.187094414199386, 21.60708080810899, 29.41769160095208, 23.220448348098014, 10.642655208478745, 2.8367915606005085, 0.4404496049606329, 0.039899020759977595, 0.0021122421331891835, 6.545926260542648e-05, 1.1895619476294776e-06, 1.2698316357670235e-08, 7.976543841896751e-11, 2.9537314375124736e-13, 6.459583793830843e-16, 8.358270067954739e-19, 6.41089854660484e-22]
Integrating the pdf from -inf to +inf:  (1.0000000000017597, 1.1488171057609214e-09)
0.013545640471846273
200
200
[0.0, 0.0, 0.0, 0.0, 0.0, 0.0, 0.0, 0.0, 0.0, 0.0, 0.0, 0.0, 0.0, 0.0, 0.0, 0.0, 0.0, 0.0, 0.0, 0.0, 0.0, 0.0, 0.0, 0.0, 0.0, 0.0, 0.0, 0.0, 0.0, 0.0, 0.0, 0.0, 0.0, 0.0, 0.0, 0.0, 0.0, 0.0, 0.0, 0.0, 0.0, 0.0, 0.0, 0.0, 0.0, 0.0, 0.0, 0.0, 0.0, 0.0, 3.8377e-319, 5.401509063119355e-302, 2.7057531669720856e-285, 4.507506035373135e-269, 2.498499149573843e-253, 4.6106246282309995e-238, 2.8342887891677637e-223, 5.807930538211336e-209, 3.9701228615616115e-195, 9.059972625560868e-182, 6.907935662870123e-169, 1.7613634538304204e-156, 1.5032544943579803e-144, 4.298580020238366e-133, 4.1226375276216456e-122, 1.3275595088472197e-111, 1.4369939948886003e-101, 5.234722254636344e-92, 6.425513146895227e-83, 2.6610757489593407e-74, 3.7232618695465463e-66, 1.7624237342982166e-58, 2.826458794687797e-51, 1.5380388621392154e-44, 2.844149990214588e-38, 1.7901432049014806e-32, 3.841350401545477e-27, 2.8149638910200095e-22, 7.056792455352144e-18, 6.062631674062981e-14, 1.7882522455412604e-10, 1.8143670654513892e-07, 6.344330402457228e-05, 0.007660665547638761, 0.32006875439432314, 4.6367338780330805, 23.33937004264458, 40.908153716435685, 25.02244618880816, 5.353324955727458, 0.4015000089752232, 0.010581054592860335, 9.821688512242813e-05, 3.2189068112065414e-07, 3.7339255949154027e-10, 1.5369029856660638e-13, 2.2503896839979897e-17, 1.1752348826155128e-21, 2.1947778701252206e-26, 1.4696592010564657e-31, 3.5381956837262885e-37]
Integrating the pdf from -inf to +inf:  (1.0000000000058338, 5.101807919038427e-09)
0.009746713095996121
200
200
[0.0, 0.0, 0.0, 0.0, 0.0, 0.0, 0.0, 0.0, 0.0, 0.0, 0.0, 0.0, 0.0, 0.0, 0.0, 0.0, 0.0, 0.0, 0.0, 0.0, 0.0, 0.0, 0.0, 0.0, 0.0, 0.0, 0.0, 0.0, 0.0, 0.0, 0.0, 0.0, 2.4481635e-317, 1.542597920261145e-305, 5.798411456350859e-294, 1.2994002457563881e-282, 1.735281798097551e-271, 1.3804771236518942e-260, 6.540078368328825e-250, 1.8446628060878178e-239, 3.0969943021608818e-229, 3.094464633775903e-219, 1.8399577543008665e-209, 6.510075277612715e-200, 1.3706344802964756e-190, 1.7172731587067786e-181, 1.2805208702677069e-172, 5.68373369332518e-164, 1.5020121992825711e-155, 2.3638577454036883e-147, 2.21623222979883e-139, 1.2382704119142238e-131, 4.124815159104365e-124, 8.19571432453342e-117, 9.718270313891877e-110, 6.88112306342101e-103, 2.911172183756177e-96, 7.363872337841996e-90, 1.1145187085635522e-83, 1.0100559522890726e-77, 5.485746587752307e-72, 1.787040897818305e-66, 3.4949312274917563e-61, 4.107387717918653e-56, 2.9037125744839766e-51, 1.2361198224030986e-46, 3.172230527100118e-42, 4.913197157384105e-38, 4.598081338821215e-34, 2.6033904465254324e-30, 8.929119390569628e-27, 1.857634021487825e-23, 2.3474064307288634e-20, 1.8042889675943508e-17, 8.447828281634436e-15, 2.412987016324167e-12, 4.211177786819011e-10, 4.497554234922201e-08, 2.9442630758156363e-06, 0.00011833812008366058, 0.0029252175379247828, 0.044548348697951816, 0.4187127047474886, 2.433320545555288, 8.759612991710442, 19.570081226124923, 27.186785300594963, 23.530517366158964, 12.713922825136317, 4.297176577273548, 0.9104123584087925, 0.1211587154158954, 0.01014979394530405, 0.0005363944690352896, 1.7922064042427874e-05, 3.794320914510679e-07, 5.101539303767941e-09, 4.3659760716367366e-11, 2.3838498272075105e-13, 8.323592160115682e-16, 1.8629712787960895e-18]
Integrating the pdf from -inf to +inf:  (1.000000000001266, 9.390842502956316e-09)
0.014544383587610647


run 2:
"C:\Users\Michael Chen\Downloads\radius-master\venv\Scripts\python.exe" C:/Desktop/pythonProjects/Comments-On-GrimolinRussel22/run_alternative_data/plot_alt_data.py
200
200
midpoint:  [1.         0.99636216 0.99332476 0.99079587 0.98870587 0.98698255
 0.98556008 0.98439672 0.98341327 0.9826146  0.98195726 0.98138227
 0.98088538 0.98044181 0.98003856 0.97965388 0.97927636 0.97889896
 0.97853149 0.97814555 0.9777471  0.97733524 0.97689689 0.97644233
 0.97597406 0.97548142 0.97498326 0.97443841 0.97387258 0.97330939
 0.97274903 0.97218766 0.97160525 0.97104214 0.97046824 0.96989752
 0.96932651 0.96875279 0.96820608 0.96766399 0.96715246 0.96662889
 0.96614179 0.96567722 0.96519109 0.96472674 0.9642873  0.9638575
 0.96344634 0.96305201 0.96265861 0.96231258 0.96193952 0.96157732
 0.96122927 0.96085269 0.96043742 0.96007134 0.95965958 0.959282
 0.95888258 0.95848479 0.95806414 0.9576342  0.95722839 0.95674459
 0.95628434 0.95576369 0.95526371 0.95469652 0.95409274 0.95347507
 0.95280763 0.95205479 0.95124364 0.9503968  0.94951327 0.94860112
 0.94756053 0.94646409 0.9453582  0.9441554  0.94289828 0.94157231
 0.94020073 0.93874537 0.93719753 0.9354633  0.93374052 0.93185768
 0.92999769 0.92803104 0.92598176 0.92391151 0.92168563 0.91937221
 0.91693068 0.91446254 0.9118652  0.90920089 0.90643224 0.90366795
 0.90069211 0.897633   0.89452689 0.89124601 0.8878853  0.88463895
 0.88098746 0.87741995 0.87367339 0.86973865 0.86581246 0.86172847
 0.85769569 0.85355694 0.84921855 0.84480717 0.84030191 0.83563967
 0.83081686 0.82589354 0.82079841 0.81578981 0.81059932 0.80543071
 0.800016   0.79460346 0.7892942  0.7835987  0.77795147 0.77217084
 0.76652294 0.76018691 0.75416874 0.7482231  0.74217577 0.73594822
 0.72964991 0.72322823 0.71659312 0.70984192 0.70317434 0.69652348
 0.68975128 0.68284555 0.67561685 0.66843325 0.66082726 0.65346103
 0.64617341 0.63873238 0.63104927 0.623418   0.61581633 0.60815202
 0.60053722 0.59288933 0.58492778 0.57707884 0.56900646 0.56069104
 0.55226655 0.54430436 0.53606331 0.52732253 0.51863367 0.51030949
 0.50206188 0.49366564 0.48492449 0.47625882 0.46755037 0.45877572
 0.4504953  0.44187803 0.43301094 0.42426292 0.41542947 0.40649941
 0.39705508 0.38765142 0.37841651 0.36946493 0.36039974 0.35135656
 0.34214699 0.33256813 0.32349284 0.3140571  0.30474636 0.29550413
 0.28622665 0.27724848 0.26815667 0.25898466 0.24983713 0.24066958
 0.23143998 0.22205148]
mu:  [[1.         0.99637155 0.99334034 0.99081861 0.98872864 0.98700184
  0.98557792 0.98440413 0.98343448 0.98262915 0.98195381 0.98137907
  0.98087997 0.98043547 0.98002803 0.9796432  0.97926926 0.97889687
  0.97851877 0.97812951 0.97772518 0.97730322 0.97686219 0.97640157
  0.97592166 0.97542337 0.97490812 0.9743777  0.97383424 0.97328
  0.97271743 0.97214899 0.97157715 0.97100433 0.97043285 0.9698649
  0.96930251 0.96874753 0.96820161 0.96766616 0.9671424  0.96663128
  0.96613353 0.96564964 0.96517987 0.96472421 0.96428246 0.96385417
  0.96343868 0.96303512 0.96264241 0.96225931 0.96188437 0.96151598
  0.96115239 0.96079167 0.96043179 0.96007058 0.95970576 0.95933494
  0.95895567 0.95856539 0.95816149 0.9577413  0.95730209 0.9568411
  0.95635555 0.95584263 0.95529951 0.95472337 0.9541114  0.95346077
  0.95276869 0.95203239 0.95124914 0.95041622 0.94953097 0.94859078
  0.94759306 0.9465353  0.94541505 0.9442299  0.94297752 0.94165565
  0.94026207 0.93879467 0.93725138 0.93563024 0.93392933 0.93214683
  0.930281   0.92833016 0.92629272 0.92416719 0.92195212 0.91964618
  0.91724809 0.91475668 0.91217082 0.90948949 0.90671175 0.90383671
  0.90086359 0.89779166 0.89462028 0.89134888 0.88797694 0.88450406
  0.88092987 0.87725407 0.87347645 0.86959684 0.86561517 0.86153138
  0.85734552 0.85305767 0.84866799 0.84417667 0.83958397 0.83489021
  0.83009575 0.82520101 0.82020643 0.81511254 0.80991988 0.80462905
  0.79924069 0.79375548 0.78817414 0.78249741 0.7767261  0.77086102
  0.76490303 0.75885302 0.75271191 0.74648065 0.7401602  0.73375158
  0.72725579 0.7206739  0.71400696 0.70725607 0.70042233 0.69350688
  0.68651085 0.6794354  0.67228172 0.66505098 0.65774438 0.65036314
  0.64290849 0.63538164 0.62778385 0.62011635 0.61238041 0.60457728
  0.59670824 0.58877454 0.58077747 0.57271829 0.5645983  0.55641875
  0.54818095 0.53988616 0.53153567 0.52313075 0.51467268 0.50616273
  0.49760217 0.48899227 0.48033429 0.4716295  0.46287913 0.45408444
  0.44524667 0.43636706 0.42744683 0.41848721 0.40948941 0.40045463
  0.39138407 0.38227893 0.37314038 0.36396959 0.35476773 0.34553595
  0.33627539 0.32698719 0.31767247 0.30833234 0.29896791 0.28958026
  0.28017047 0.27073962 0.26128877 0.25181895 0.24233122 0.23282658
  0.22330606 0.21377065]]
line:  [1.         0.99383375 0.98915081 0.98568922 0.98322733 0.98157689
 0.98057764 0.98009302 0.98000675 0.98021998 0.98064898 0.98122316
 0.98188342 0.98258071 0.98327474 0.98393293 0.98452941 0.98504412
 0.98546209 0.98577269 0.98596904 0.98604741 0.98600677 0.98584828
 0.98557493 0.98519117 0.98470259 0.98411565 0.98343743 0.98267544
 0.98183739 0.9809311  0.97996433 0.97894466 0.97787943 0.97677565
 0.97563994 0.9744785  0.97329704 0.97210081 0.97089455 0.96968247
 0.9684683  0.96725524 0.96604602 0.96484286 0.96364753 0.96246135
 0.96128521 0.9601196  0.95896462 0.95782002 0.95668521 0.95555928
 0.95444104 0.95332906 0.95222162 0.95111684 0.95001259 0.9489066
 0.94779644 0.94667954 0.94555322 0.9444147  0.94326112 0.94208957
 0.94089706 0.9396806  0.93843717 0.93716372 0.93585724 0.9345147
 0.93313313 0.93170956 0.9302411  0.92872488 0.92715811 0.92553806
 0.92386206 0.92212754 0.92033199 0.918473   0.91654824 0.91455548
 0.91249259 0.91035753 0.90814835 0.90586323 0.90350043 0.90105832
 0.89853536 0.89593014 0.89324134 0.89046772 0.88760819 0.88466171
 0.88162738 0.87850437 0.87529196 0.87198952 0.86859652 0.86511252
 0.86153715 0.85787015 0.85411133 0.85026059 0.84631791 0.84228332
 0.83815696 0.83393903 0.82962978 0.82522956 0.82073874 0.81615779
 0.81148722 0.8067276  0.80187953 0.7969437  0.79192082 0.78681166
 0.781617   0.77633771 0.77097466 0.76552876 0.76000097 0.75439226
 0.74870365 0.74293617 0.73709087 0.73116883 0.72517117 0.71909899
 0.71295343 0.70673564 0.70044679 0.69408804 0.68766059 0.68116563
 0.67460435 0.66797797 0.66128768 0.65453471 0.64772027 0.64084556
 0.63391181 0.62692023 0.61987203 0.61276841 0.60561058 0.59839972
 0.59113705 0.58382372 0.57646094 0.56904985 0.56159163 0.55408742
 0.54653837 0.5389456  0.53131024 0.52363339 0.51591615 0.5081596
 0.50036483 0.49253289 0.48466483 0.47676169 0.46882448 0.46085422
 0.4528519  0.44481851 0.43675501 0.42866235 0.42054148 0.41239333
 0.4042188  0.3960188  0.3877942  0.37954589 0.37127471 0.36298151
 0.35466711 0.34633234 0.337978   0.32960486 0.32121371 0.3128053
 0.30438038 0.29593969 0.28748394 0.27901384 0.27053008 0.26203336
 0.25352433 0.24500365 0.23647196 0.22792991 0.21937809 0.21081713
 0.20224762 0.19367014]
[0.0, 0.0, 0.0, 0.0, 0.0, 0.0, 0.0, 0.0, 0.0, 0.0, 0.0, 0.0, 0.0, 0.0, 0.0, 0.0, 0.0, 0.0, 0.0, 0.0, 0.0, 0.0, 0.0, 0.0, 0.0, 0.0, 0.0, 0.0, 0.0, 0.0, 0.0, 0.0, 0.0, 0.0, 0.0, 0.0, 0.0, 0.0, 0.0, 0.0, 0.0, 0.0, 0.0, 0.0, 0.0, 0.0, 0.0, 0.0, 0.0, 0.0, 2.6274922913e-314, 2.1669509471009486e-297, 6.057914926216355e-281, 5.742546674037452e-265, 1.8465087138760294e-249, 2.0148315588296635e-234, 7.463776693896689e-220, 9.391172484831793e-206, 4.015575943754365e-192, 5.838281310531213e-179, 2.8879544103112255e-166, 4.8633938193672204e-154, 2.7901309349427918e-142, 5.457007835361553e-131, 3.641285495515545e-120, 8.295963163471082e-110, 6.458757832570402e-100, 1.7197915558339665e-90, 1.5676101436861559e-81, 4.8960158513756515e-73, 5.244611212840502e-65, 1.9288074500205438e-57, 2.4379509413200006e-50, 1.0602126467703213e-43, 1.5881089249413198e-37, 8.203328623634054e-32, 1.4629904359038228e-26, 9.019224481120882e-22, 1.9245255807373473e-17, 1.4232166528145006e-13, 3.6525214061522103e-10, 3.2575117959526787e-07, 0.0001011027891434772, 0.010935834841418525, 0.4128529656476243, 5.448183066067355, 25.17062717339385, 40.77657035009753, 23.200900799070624, 4.644024697038352, 0.32757632737235903, 0.00815654601391654, 7.181876616126628e-05, 2.2401858371596758e-07, 2.479908353396503e-10, 9.76108404870181e-14, 1.3686453389517834e-17, 6.849328886303703e-22, 1.2257931702289451e-26, 7.860683116598302e-32, 1.809893514499706e-37]
Integrating the pdf from -inf to +inf:  (1.0000000000136744, 6.52765328501755e-09)
0.009775798516261465
200
200
midpoint:  [1.         0.99729675 0.99503325 0.99313952 0.99154797 0.99023812
 0.98913841 0.98824303 0.98750902 0.9868997  0.98641059 0.98599482
 0.98563014 0.98530997 0.9850278  0.98475326 0.98446615 0.98421772
 0.98395753 0.98369263 0.98342595 0.98312917 0.98281059 0.9824813
 0.98213541 0.98176701 0.98137297 0.98095529 0.98052728 0.98007746
 0.9796141  0.97913816 0.97864068 0.97814099 0.97762564 0.97711145
 0.97656068 0.976018   0.97545491 0.97491368 0.97433464 0.97379616
 0.9732397  0.97269035 0.9721496  0.97159275 0.97100562 0.97047144
 0.96993042 0.96937353 0.96879958 0.96824684 0.9676964  0.96710092
 0.96656957 0.96600284 0.96543744 0.96489174 0.96432555 0.96369367
 0.96308074 0.96248042 0.96188368 0.96125185 0.96055654 0.95982062
 0.9590834  0.95827925 0.95743419 0.95661281 0.9557224  0.95485024
 0.95391912 0.95295505 0.95195483 0.95094356 0.94976631 0.94862036
 0.94737055 0.94616442 0.94491373 0.94347573 0.94212538 0.94065021
 0.93908764 0.93738752 0.93566836 0.9339898  0.93204043 0.93018647
 0.92829786 0.92620084 0.92397425 0.92181107 0.91956628 0.91740673
 0.91504002 0.91259428 0.91013233 0.90747124 0.90465476 0.90185755
 0.89904533 0.89604689 0.89292318 0.88986353 0.88676583 0.8834876
 0.88019459 0.87667567 0.87294101 0.8692475  0.86537524 0.8614518
 0.85737775 0.85325955 0.84910786 0.84510468 0.84077818 0.8366716
 0.83214985 0.82748732 0.82288589 0.81801102 0.81328408 0.80834121
 0.80311976 0.79778787 0.79266132 0.78736243 0.78196084 0.77624775
 0.77042456 0.76447011 0.75867319 0.75261503 0.74660069 0.74053356
 0.73454935 0.72845687 0.722334   0.71601177 0.70995958 0.70362755
 0.69738292 0.69076378 0.68380222 0.67665103 0.66979061 0.66277036
 0.6556319  0.64837605 0.64106618 0.6338544  0.62666575 0.61917609
 0.61179638 0.60393299 0.59645903 0.5889436  0.5808004  0.57337512
 0.56582496 0.55794284 0.55049099 0.54296774 0.53464638 0.52686592
 0.51900791 0.51038765 0.50242142 0.49462745 0.48619438 0.47783492
 0.46906347 0.46029583 0.45136872 0.44244734 0.43331551 0.42486359
 0.41622841 0.40774163 0.3996818  0.39123258 0.38240701 0.37342919
 0.36412718 0.35499072 0.34582485 0.33617993 0.32690411 0.31747845
 0.30793263 0.29853276 0.28971346 0.28122502 0.27217144 0.26318336
 0.25331826 0.24342608]
mu:  [[1.         0.9973183  0.99506503 0.9931809  0.99161277 0.99031325
  0.9892402  0.98835629 0.98762859 0.9870282  0.98652987 0.98611164
  0.98575458 0.98544244 0.98516142 0.98489986 0.98464807 0.98439806
  0.98414338 0.98387893 0.98360076 0.98330596 0.98299249 0.98265908
  0.98230511 0.98193046 0.98153551 0.98112095 0.98068779 0.98023724
  0.97977069 0.97928962 0.97879558 0.97829014 0.97777484 0.97725121
  0.97672068 0.9761846  0.97564421 0.97510061 0.97455478 0.97400754
  0.97345958 0.97291141 0.97236338 0.97181569 0.97126835 0.97072126
  0.9701741  0.96962645 0.96907771 0.96852714 0.96797386 0.96741687
  0.96685503 0.96628709 0.96571168 0.96512734 0.9645325  0.9639255
  0.9633046  0.96266801 0.96201383 0.96134013 0.96064493 0.95992619
  0.95918183 0.95840976 0.95760785 0.95677394 0.95590588 0.95500149
  0.95405861 0.95307507 0.95204872 0.95097739 0.94985898 0.94869136
  0.94747246 0.94620022 0.94487263 0.9434877  0.94204349 0.94053808
  0.93896963 0.93733632 0.93563638 0.9338681  0.93202982 0.93011992
  0.92813685 0.92607912 0.92394529 0.92173397 0.91944383 0.91707362
  0.91462212 0.9120882  0.90947076 0.90676879 0.90398132 0.90110744
  0.89814631 0.89509715 0.89195923 0.88873189 0.88541451 0.88200655
  0.87850751 0.87491696 0.87123451 0.86745984 0.86359266 0.85963277
  0.85557999 0.8514342  0.84719534 0.84286338 0.83843836 0.83392034
  0.82930946 0.82460586 0.81980976 0.81492142 0.80994112 0.80486919
  0.799706   0.79445197 0.78910752 0.78367316 0.77814937 0.77253672
  0.76683578 0.76104716 0.7551715  0.74920947 0.74316175 0.73702908
  0.73081219 0.72451186 0.71812889 0.71166408 0.70511827 0.69849233
  0.69178712 0.68500355 0.67814253 0.67120498 0.66419185 0.65710409
  0.64994269 0.64270862 0.63540288 0.62802649 0.62058046 0.61306581
  0.6054836  0.59783486 0.59012065 0.58234203 0.57450006 0.56659582
  0.55863039 0.55060484 0.54252026 0.53437774 0.52617837 0.51792324
  0.50961345 0.50125008 0.49283424 0.48436701 0.4758495  0.46728279
  0.45866797 0.45000614 0.44129838 0.43254578 0.42374941 0.41491035
  0.40602969 0.39710848 0.38814778 0.37914867 0.3701122  0.36103941
  0.35193135 0.34278905 0.33361355 0.32440587 0.31516703 0.30589804
  0.29659991 0.28727363 0.27792019 0.26854057 0.25913575 0.24970669
  0.24025435 0.23077968]]
line:  [1.         0.99438591 0.99005749 0.9867986  0.98442485 0.98277839
 0.98172364 0.98114408 0.98093946 0.98102368 0.98132293 0.98177416
 0.98232379 0.98292657 0.98354462 0.98414653 0.98470665 0.98520433
 0.9856234  0.98595152 0.98617974 0.98630203 0.98631488 0.98621689
 0.98600847 0.98569156 0.9852693  0.98474583 0.98412607 0.98341552
 0.98262011 0.98174602 0.98079959 0.97978721 0.97871519 0.97758972
 0.97641679 0.97520213 0.97395118 0.97266904 0.97136046 0.97002983
 0.96868112 0.96731794 0.9659435  0.96456059 0.96317164 0.96177871
 0.96038345 0.9589872  0.95759094 0.95619533 0.9548007  0.95340712
 0.95201437 0.95062197 0.9492292  0.94783513 0.94643862 0.94503834
 0.94363279 0.94222032 0.94079915 0.93936734 0.9379229  0.93646369
 0.93498753 0.93349215 0.93197524 0.93043443 0.92886733 0.92727153
 0.92564459 0.92398408 0.92228758 0.92055268 0.91877698 0.91695813
 0.91509379 0.91318168 0.91121956 0.90920523 0.90713657 0.90501149
 0.90282799 0.90058413 0.89827801 0.89590785 0.89347192 0.89096855
 0.88839618 0.88575331 0.88303852 0.88025048 0.87738793 0.8744497
 0.8714347  0.86834192 0.86517042 0.86191936 0.85858797 0.85517555
 0.85168149 0.84810525 0.84444637 0.84070445 0.83687918 0.83297031
 0.82897767 0.82490114 0.82074067 0.81649629 0.81216807 0.80775614
 0.80326071 0.79868203 0.7940204  0.78927618 0.78444978 0.77954165
 0.77455228 0.76948223 0.76433208 0.75910244 0.753794   0.74840743
 0.74294348 0.73740291 0.7317865  0.72609509 0.72032953 0.71449067
 0.70857943 0.70259672 0.69654347 0.69042064 0.68422921 0.67797016
 0.67164449 0.66525322 0.65879737 0.65227798 0.64569609 0.63905275
 0.63234901 0.62558594 0.61876461 0.61188607 0.60495141 0.5979617
 0.59091799 0.58382138 0.57667292 0.56947368 0.56222472 0.55492711
 0.5475819  0.54019014 0.53275288 0.52527115 0.51774598 0.51017841
 0.50256944 0.49492008 0.48723134 0.4795042  0.47173965 0.46393865
 0.45610218 0.44823118 0.44032659 0.43238935 0.42442038 0.41642057
 0.40839084 0.40033207 0.39224513 0.38413089 0.37599019 0.36782389
 0.3596328  0.35141774 0.34317952 0.33491893 0.32663674 0.31833374
 0.31001067 0.30166829 0.29330731 0.28492847 0.27653248 0.26812003
 0.2596918  0.25124847 0.24279071 0.23431917 0.22583448 0.21733728
 0.20882818 0.20030779]
[0.0, 0.0, 0.0, 0.0, 0.0, 0.0, 0.0, 0.0, 0.0, 0.0, 0.0, 0.0, 0.0, 0.0, 0.0, 0.0, 0.0, 0.0, 0.0, 0.0, 0.0, 0.0, 0.0, 0.0, 0.0, 0.0, 0.0, 0.0, 0.0, 0.0, 1.426165e-318, 3.4818362944334254e-307, 5.234394268082547e-296, 4.8820830978397875e-285, 2.824087189677688e-274, 1.0128691768791349e-263, 2.251716013974818e-253, 3.1021023272167293e-243, 2.647845428785587e-233, 1.4000689359002926e-223, 4.5852947035137904e-214, 9.300394149838578e-205, 1.1682112376150545e-195, 9.086808833055147e-187, 4.376932242187914e-178, 1.305597908591502e-169, 2.411889061153351e-161, 2.7596550473952274e-153, 1.9559484639845373e-145, 8.588847151821535e-138, 2.3370663747856855e-130, 3.941521075686126e-123, 4.121214763118914e-116, 2.6722750489007994e-109, 1.07490833256468e-102, 2.6831797857265584e-96, 4.1579924627607295e-90, 4.00179143985895e-84, 2.3930785638102914e-78, 8.896101868442866e-73, 2.056860777443295e-67, 2.9594291575136612e-62, 2.6512937288343365e-57, 1.4798471191749552e-52, 5.149445695645957e-48, 1.1178342742801796e-43, 1.514849336784074e-39, 1.2824821282218117e-35, 6.788139642679741e-32, 2.24806219240109e-28, 4.662053756098496e-25, 6.059315806818712e-22, 4.939986721149326e-19, 2.528569301832632e-16, 8.133439021761756e-14, 1.6456577515705193e-11, 2.0965182274121025e-09, 1.6834163555017488e-07, 8.528451208319848e-06, 0.0002728967493091706, 0.0055214322440455136, 0.0707159904891497, 0.5739775250048288, 2.9559281212086206, 9.670218309531007, 20.121255078482072, 26.662097986951476, 22.527300304978773, 12.152498322487705, 4.1912193968747875, 0.9253821408525459, 0.13098023729451622, 0.011901531820852705, 0.000695234302838596, 2.6146874025549147e-05, 6.340269241972326e-07, 9.927594262857423e-09, 1.0052813204550127e-10, 6.593364314927088e-13, 2.8053081777634864e-15, 7.75524928665434e-18]
Integrating the pdf from -inf to +inf:  (0.9999999999933674, 1.3485513217416416e-08)
0.014910670893175557
200
200
midpoint:  [1.         0.99765582 0.99557975 0.99374041 0.9921035  0.99065131
 0.98936901 0.9882239  0.98719219 0.98628007 0.98545908 0.9847134
 0.98403224 0.98341722 0.9828489  0.98231149 0.98180943 0.98132055
 0.98085211 0.98039535 0.97995352 0.97951961 0.97908227 0.97865014
 0.97821182 0.97776779 0.97732341 0.97688347 0.97644644 0.97599286
 0.97554378 0.9750846  0.97460549 0.97413408 0.97367894 0.97320967
 0.97273226 0.97226499 0.97179809 0.97132968 0.97086096 0.97039185
 0.96991916 0.9694638  0.96900605 0.96853932 0.96808562 0.96760381
 0.96713149 0.96667594 0.96620793 0.96575436 0.96527871 0.96480666
 0.96433816 0.96385807 0.96337292 0.96288526 0.96236833 0.96184196
 0.96130846 0.96070795 0.96015389 0.95960717 0.95904602 0.95842525
 0.95778881 0.95715214 0.95643398 0.95574049 0.95500331 0.95424419
 0.95347561 0.95267301 0.95180982 0.95092531 0.94996435 0.94893145
 0.94787752 0.94676105 0.94564517 0.94450838 0.94322607 0.94190112
 0.94052942 0.93909222 0.9376317  0.93610138 0.93447302 0.93282137
 0.93113649 0.92930006 0.92742269 0.9255345  0.92350346 0.92141824
 0.91922155 0.91693582 0.91464598 0.91216422 0.90965526 0.90713334
 0.90441911 0.90149976 0.89870513 0.89576222 0.89287041 0.8896767
 0.88644814 0.88322068 0.87985691 0.87646527 0.87292923 0.86937486
 0.86565959 0.86196622 0.85816228 0.85420124 0.85004793 0.84594222
 0.84160794 0.83721937 0.83282865 0.82839295 0.82384661 0.8189914
 0.81417374 0.80920409 0.80434469 0.79934422 0.79431051 0.78924934
 0.78401942 0.77872899 0.77328517 0.767929   0.76240355 0.7566959
 0.75096539 0.74488374 0.73892848 0.73282699 0.72676808 0.72083301
 0.71476998 0.70833021 0.70182626 0.69554296 0.68912733 0.68253256
 0.67585406 0.66896218 0.66192415 0.65480043 0.64754121 0.64016865
 0.63286053 0.62540738 0.61825422 0.6107896  0.60319018 0.59573951
 0.5881595  0.58036561 0.57262978 0.56497987 0.55711393 0.54920714
 0.5412886  0.53333872 0.52527286 0.51716021 0.50896521 0.50080425
 0.49256411 0.48416031 0.47585012 0.46744186 0.45854599 0.45002499
 0.44166141 0.43319785 0.42483638 0.41660607 0.4080079  0.39910067
 0.39029322 0.38179625 0.37281874 0.36394568 0.3549326  0.34590712
 0.33684401 0.32798736 0.31876928 0.31046926 0.30192509 0.29343357
 0.28489165 0.27631979]
mu:  [[1.         0.9976535  0.99557304 0.9937297  0.9920968  0.9906498
  0.9893662  0.98822546 0.98720888 0.98629952 0.98548209 0.98474286
  0.98406955 0.98345124 0.98287825 0.9823421  0.98183537 0.98135163
  0.98088537 0.98043188 0.97998723 0.97954813 0.97911191 0.97867644
  0.97824007 0.97780156 0.97736002 0.9769149  0.9764659  0.97601293
  0.97555611 0.97509569 0.97463201 0.97416554 0.97369675 0.97322617
  0.97275434 0.97228176 0.97180892 0.97133626 0.97086414 0.97039289
  0.96992273 0.96945378 0.96898611 0.96851965 0.96805424 0.96758962
  0.96712541 0.96666115 0.96619622 0.96572996 0.96526155 0.96479011
  0.96431462 0.963834   0.96334707 0.96285254 0.96234907 0.96183522
  0.96130948 0.96077028 0.96021599 0.9596449  0.95905527 0.9584453
  0.95781316 0.95715697 0.95647482 0.9557648  0.95502493 0.95425325
  0.95344779 0.95260654 0.95172753 0.95080875 0.94984822 0.94884398
  0.94779405 0.94669648 0.94554937 0.9443508  0.9430989  0.94179182
  0.94042775 0.93900492 0.93752157 0.93597602 0.9343666  0.9326917
  0.93094973 0.92913918 0.92725858 0.92530648 0.92328152 0.92118237
  0.91900775 0.91675644 0.91442729 0.91201916 0.90953102 0.90696184
  0.90431068 0.90157666 0.89875892 0.89585669 0.89286924 0.88979589
  0.88663603 0.88338908 0.88005453 0.87663193 0.87312086 0.86952098
  0.86583196 0.86205357 0.85818558 0.85422786 0.85018028 0.84604278
  0.84181535 0.83749803 0.83309087 0.828594   0.82400759 0.81933181
  0.81456693 0.80971322 0.80477099 0.79974061 0.79462246 0.78941697
  0.78412461 0.77874586 0.77328125 0.76773134 0.76209672 0.756378
  0.75057582 0.74469087 0.73872382 0.73267541 0.72654638 0.7203375
  0.71404955 0.70768336 0.70123974 0.69471955 0.68812367 0.68145296
  0.67470835 0.66789074 0.66100106 0.65404027 0.64700932 0.63990919
  0.63274086 0.62550532 0.61820357 0.61083663 0.60340552 0.59591128
  0.58835492 0.58073751 0.57306009 0.5653237  0.55752942 0.5496783
  0.54177141 0.53380981 0.52579458 0.51772679 0.50960752 0.50143783
  0.4932188  0.48495151 0.47663703 0.46827642 0.45987077 0.45142115
  0.4429286  0.43439421 0.42581902 0.41720411 0.40855051 0.39985927
  0.39113145 0.38236808 0.37357019 0.36473881 0.35587496 0.34697967
  0.33805393 0.32909877 0.32011516 0.3111041  0.30206658 0.29300358
  0.28391605 0.27480496]]
line:  [1.         0.99579437 0.99237162 0.98962585 0.98746229 0.98579614
 0.98455147 0.98366037 0.98306218 0.98270285 0.98253432 0.98251404
 0.98260445 0.98277264 0.98298989 0.98323134 0.98347568 0.98370479
 0.9839035  0.98405928 0.98416201 0.98420372 0.98417837 0.98408161
 0.98391064 0.98366394 0.98334117 0.98294296 0.98247077 0.98192676
 0.98131366 0.98063465 0.97989327 0.97909329 0.97823869 0.97733351
 0.97638183 0.97538771 0.97435513 0.97328795 0.97218987 0.97106441
 0.96991487 0.96874432 0.96755559 0.96635127 0.96513364 0.96390476
 0.9626664  0.96142005 0.96016695 0.95890808 0.95764417 0.95637568
 0.95510285 0.95382571 0.95254404 0.95125745 0.94996531 0.94866687
 0.94736115 0.94604704 0.94472331 0.94338854 0.94204124 0.94067978
 0.93930244 0.93790742 0.93649283 0.93505672 0.9335971  0.9321119
 0.93059903 0.92905639 0.92748184 0.92587322 0.92422839 0.92254519
 0.92082149 0.91905517 0.91724413 0.91538629 0.91347962 0.91152212
 0.90951184 0.90744686 0.90532533 0.90314544 0.90090544 0.89860365
 0.89623845 0.89380827 0.89131161 0.88874707 0.88611327 0.88340894
 0.88063287 0.87778391 0.87486099 0.87186313 0.86878941 0.86563897
 0.86241104 0.85910492 0.85571998 0.85225567 0.84871148 0.845087
 0.84138189 0.83759585 0.83372867 0.8297802  0.82575034 0.82163906
 0.81744639 0.81317243 0.80881732 0.80438125 0.79986448 0.79526732
 0.79059012 0.78583328 0.78099725 0.77608253 0.77108964 0.76601916
 0.76087171 0.75564793 0.75034852 0.74497419 0.73952569 0.73400381
 0.72840935 0.72274314 0.71700605 0.71119897 0.70532279 0.69937844
 0.69336687 0.68728904 0.68114591 0.67493849 0.66866778 0.66233478
 0.65594054 0.64948608 0.64297244 0.63640068 0.62977184 0.62308699
 0.6163472  0.60955352 0.60270702 0.59580878 0.58885986 0.58186132
 0.57481423 0.56771965 0.56057864 0.55339226 0.54616156 0.53888757
 0.53157135 0.52421392 0.51681631 0.50937953 0.50190461 0.49439253
 0.4868443  0.47926089 0.47164329 0.46399246 0.45630936 0.44859492
 0.4408501  0.4330758  0.42527294 0.41744243 0.40958515 0.40170199
 0.39379382 0.38586148 0.37790582 0.36992768 0.36192788 0.35390722
 0.34586651 0.33780652 0.32972803 0.32163179 0.31351857 0.30538909
 0.29724407 0.28908424 0.28091029 0.27272291 0.26452278 0.25631056
 0.2480869  0.23985246]
[0.0, 0.0, 0.0, 0.0, 0.0, 0.0, 0.0, 0.0, 0.0, 0.0, 0.0, 0.0, 0.0, 0.0, 0.0, 0.0, 0.0, 0.0, 0.0, 0.0, 0.0, 0.0, 0.0, 0.0, 0.0, 0.0, 0.0, 0.0, 0.0, 0.0, 0.0, 0.0, 0.0, 0.0, 0.0, 0.0, 0.0, 0.0, 0.0, 0.0, 0.0, 0.0, 0.0, 0.0, 0.0, 0.0, 0.0, 0.0, 0.0, 0.0, 0.0, 0.0, 7.060178625918877e-304, 1.2893166487800018e-286, 7.313830310508458e-270, 1.289468399354254e-253, 7.069995184952038e-238, 1.2062991530348637e-222, 6.409528596872315e-208, 1.0613599336128343e-193, 5.481732218105863e-180, 8.838264909260949e-167, 4.4525447429535146e-154, 7.015555167958985e-142, 3.460755872076729e-130, 5.350568903745993e-119, 2.5955898467515972e-108, 3.955381207949412e-98, 1.895779414869869e-88, 2.861457411333549e-79, 1.3619507041066732e-70, 2.04694581967227e-62, 9.728366961842403e-55, 1.4642033534809374e-47, 6.989582847664267e-41, 1.0599156301690527e-34, 5.114043303794916e-29, 7.864198286179556e-24, 3.86087932340629e-19, 6.06213012971921e-15, 3.049704232941319e-11, 4.924819810085019e-08, 2.5577037629530926e-05, 0.00428040453950768, 0.2312925384721274, 4.043600545799507, 22.919871013421613, 42.21051377555687, 25.312820178667607, 4.95379732017267, 0.3171023620077231, 0.006654711382076244, 4.589353609883043e-05, 1.0425799115912188e-07, 7.821039918610687e-11, 1.942215468172719e-14, 1.6006892061730547e-18, 4.3894553075200393e-23, 4.0155382848485184e-28, 1.2287400456101016e-33, 1.2610457522021192e-39]
Integrating the pdf from -inf to +inf:  (0.9999999999672476, 8.615572612417935e-09)
0.009441079926050625
200
200
midpoint:  [1.         0.99860364 0.99732697 0.99616679 0.99510297 0.99411819
 0.99322307 0.99240359 0.99164253 0.99097613 0.99034445 0.98975759
 0.98922412 0.98872554 0.98826503 0.98782137 0.98742092 0.98702757
 0.98664785 0.98627312 0.98591608 0.98556155 0.98522767 0.98487765
 0.98453637 0.98414998 0.98379861 0.98342553 0.98304025 0.98265008
 0.98226622 0.98188045 0.9814985  0.98109452 0.98069295 0.98029676
 0.97986009 0.97942893 0.97898484 0.97849129 0.97800306 0.97752612
 0.9770721  0.97658665 0.9760675  0.97552657 0.9749662  0.97444045
 0.97389002 0.97329278 0.97270738 0.97208509 0.97143914 0.97079472
 0.97011876 0.96941151 0.96867857 0.96797588 0.96726303 0.96654662
 0.96579001 0.96503086 0.96427979 0.96351887 0.96266759 0.96176956
 0.96086248 0.95987073 0.95889719 0.95787754 0.95686325 0.95581633
 0.95472173 0.95368631 0.95252103 0.95132376 0.95011192 0.94889012
 0.94761282 0.94626785 0.9447715  0.94333486 0.94189075 0.94039182
 0.93871696 0.93711107 0.93545242 0.93376393 0.93180451 0.93003589
 0.92815743 0.92634061 0.92428299 0.9223495  0.92029865 0.9183777
 0.91612972 0.91379086 0.91168322 0.90940771 0.90709589 0.90472273
 0.90223619 0.8994723  0.89704621 0.89420992 0.89138103 0.8884935
 0.88560702 0.88262161 0.87955114 0.8765292  0.87358779 0.87036555
 0.86697702 0.86385774 0.86027616 0.85673998 0.85337877 0.84982888
 0.84599558 0.84169611 0.8378414  0.83368506 0.82990516 0.82590439
 0.82179163 0.81709734 0.81287907 0.80867735 0.80423254 0.79974379
 0.79509284 0.79013931 0.78571152 0.78086474 0.77597767 0.77084651
 0.76597633 0.76073497 0.75562157 0.75029425 0.74444194 0.73910428
 0.73388105 0.72871083 0.72309439 0.71756181 0.71214096 0.70631382
 0.70048761 0.69474024 0.68905714 0.68304805 0.67725305 0.67145676
 0.66538153 0.65895898 0.65319675 0.64748211 0.64110093 0.63476537
 0.62813943 0.62200481 0.61587503 0.60898479 0.60211556 0.59536029
 0.58897488 0.58268074 0.57625387 0.56916175 0.5618868  0.55491784
 0.5484534  0.54146052 0.53427726 0.52723787 0.52013837 0.51313836
 0.50623841 0.4991738  0.4919588  0.48439306 0.47638634 0.46870011
 0.46168865 0.4548793  0.44781127 0.44054024 0.43236489 0.42418759
 0.41719689 0.4103275  0.40335182 0.39570598 0.38810018 0.38188559
 0.37439009 0.3672636 ]
mu:  [[1.         0.99860933 0.9973361  0.99617167 0.99510753 0.99413537
  0.9932471  0.99243492 0.99169136 0.99100929 0.99038197 0.98980304
  0.98926653 0.9887669  0.98829897 0.98785798 0.98743956 0.98703969
  0.98665473 0.98628137 0.98591666 0.98555791 0.98520276 0.98484909
  0.98449506 0.98413904 0.98377962 0.98341557 0.98304585 0.98266956
  0.98228594 0.98189435 0.98149427 0.98108525 0.98066692 0.98023897
  0.97980114 0.97935322 0.97889501 0.97842634 0.97794703 0.97745693
  0.97695587 0.97644365 0.97592007 0.97538492 0.97483793 0.97427882
  0.97370727 0.97312293 0.97252541 0.97191426 0.97128902 0.97064917
  0.96999415 0.96932336 0.96863616 0.96793187 0.96720977 0.96646909
  0.96570905 0.96492881 0.96412751 0.96330424 0.96245809 0.96158809
  0.96069327 0.95977262 0.95882513 0.95784973 0.95684539 0.95581101
  0.95474552 0.95364782 0.95251681 0.95135137 0.95015039 0.94891277
  0.94763739 0.94632313 0.94496891 0.94357361 0.94213616 0.94065547
  0.93913048 0.93756014 0.9359434  0.93427926 0.93256671 0.93080477
  0.92899247 0.92712888 0.92521309 0.92324419 0.92122132 0.91914363
  0.91701032 0.9148206  0.91257369 0.91026888 0.90790545 0.90548274
  0.9030001  0.90045691 0.89785259 0.89518659 0.89245839 0.8896675
  0.88681345 0.88389581 0.88091419 0.87786823 0.87475757 0.87158193
  0.86834102 0.8650346  0.86166246 0.85822441 0.8547203  0.85115
  0.84751341 0.84381047 0.84004114 0.83620541 0.83230329 0.82833482
  0.82430007 0.82019915 0.81603216 0.81179926 0.80750061 0.80313641
  0.79870688 0.79421226 0.7896528  0.7850288  0.78034056 0.7755884
  0.77077268 0.76589376 0.76095202 0.75594787 0.75088174 0.74575406
  0.74056528 0.73531588 0.73000635 0.72463719 0.71920892 0.71372207
  0.70817719 0.70257484 0.69691558 0.6912     0.68542869 0.67960227
  0.67372134 0.66778653 0.66179848 0.65575783 0.64966524 0.64352136
  0.63732687 0.63108244 0.62478875 0.6184465  0.61205638 0.60561908
  0.59913532 0.5926058  0.58603124 0.57941236 0.57274987 0.56604451
  0.559297   0.55250808 0.54567846 0.5388089  0.53190012 0.52495287
  0.51796787 0.51094587 0.50388761 0.49679382 0.48966525 0.48250263
  0.4753067  0.4680782  0.46081785 0.4535264  0.44620457 0.4388531
  0.43147271 0.42406413 0.41662808 0.40916528 0.40167644 0.39416228
  0.38662352 0.37906085]]
line:  [1.         0.99625665 0.99316701 0.99064724 0.988622   0.98702343
 0.98579043 0.98486796 0.98420644 0.98376129 0.98349249 0.98336419
 0.98334437 0.98340457 0.98351955 0.98366713 0.98382784 0.98398481
 0.98412349 0.9842315  0.98429841 0.9843156  0.98427609 0.98417434
 0.98400618 0.9837686  0.98345965 0.98307833 0.98262443 0.98209845
 0.98150152 0.98083526 0.98010172 0.9793033  0.97844268 0.97752272
 0.97654648 0.97551707 0.97443768 0.97331149 0.97214166 0.97093129
 0.96968339 0.96840084 0.96708642 0.96574274 0.96437226 0.96297726
 0.96155984 0.96012194 0.95866528 0.9571914  0.95570168 0.95419728
 0.95267918 0.9511482  0.94960496 0.94804994 0.94648342 0.94490556
 0.94331635 0.94171563 0.94010313 0.93847843 0.93684101 0.93519024
 0.93352536 0.93184554 0.93014986 0.92843732 0.92670684 0.92495729
 0.92318747 0.92139614 0.919582   0.91774373 0.91587997 0.91398935
 0.91207045 0.91012188 0.9081422  0.90612999 0.90408383 0.9020023
 0.89988399 0.89772751 0.89553148 0.89329456 0.8910154  0.88869271
 0.88632522 0.88391169 0.88145092 0.87894173 0.87638302 0.87377368
 0.87111269 0.86839904 0.86563178 0.86281001 0.85993287 0.85699955
 0.85400929 0.85096138 0.84785515 0.84469001 0.84146538 0.83818076
 0.83483568 0.83142973 0.82796255 0.82443382 0.82084328 0.81719071
 0.81347594 0.80969884 0.80585934 0.8019574  0.79799302 0.79396627
 0.78987723 0.78572604 0.78151287 0.77723794 0.77290149 0.76850381
 0.76404522 0.75952608 0.75494678 0.75030774 0.74560939 0.74085224
 0.73603677 0.73116353 0.72623308 0.72124599 0.71620287 0.71110436
 0.70595109 0.70074375 0.69548301 0.69016958 0.68480418 0.67938755
 0.67392043 0.66840359 0.6628378  0.65722385 0.65156253 0.64585464
 0.640101   0.63430244 0.62845976 0.62257381 0.61664542 0.61067544
 0.60466469 0.59861404 0.59252433 0.58639639 0.5802311  0.57402928
 0.56779179 0.56151947 0.55521318 0.54887374 0.54250199 0.53609878
 0.52966493 0.52320126 0.5167086  0.51018777 0.50363956 0.49706479
 0.49046426 0.48383875 0.47718904 0.47051592 0.46382016 0.45710251
 0.45036373 0.44360456 0.43682574 0.43002801 0.42321207 0.41637864
 0.40952842 0.40266211 0.39578039 0.38888393 0.38197341 0.37504947
 0.36811276 0.36116392 0.35420358 0.34723235 0.34025086 0.33325968
 0.32625942 0.31925065]
[0.0, 0.0, 0.0, 0.0, 0.0, 0.0, 0.0, 0.0, 0.0, 0.0, 0.0, 0.0, 0.0, 0.0, 0.0, 0.0, 0.0, 0.0, 0.0, 0.0, 0.0, 0.0, 0.0, 0.0, 0.0, 0.0, 0.0, 0.0, 0.0, 0.0, 0.0, 0.0, 5.106984719752e-311, 1.863890335858122e-299, 4.101334713438222e-288, 5.438631529847898e-277, 4.3445566454258215e-266, 2.0899978615546636e-255, 6.052923432295032e-245, 1.0551133444077912e-234, 1.1067880548021538e-224, 6.985526836360595e-215, 2.6525417976293886e-205, 6.0594568838298365e-196, 8.327497774570518e-187, 6.885358490261835e-178, 3.425409027591074e-169, 1.0254996856765041e-160, 1.8479058359136812e-152, 2.0047023555449142e-144, 1.3096966694795795e-136, 5.154513264622296e-129, 1.2225491503962857e-121, 1.748205506370105e-114, 1.5078978703444293e-107, 7.849290158680088e-101, 2.4672512625294504e-94, 4.6858256805494575e-88, 5.380633314267775e-82, 3.7381728375558287e-76, 1.5724887845701747e-70, 4.008303257334015e-65, 6.196408940263211e-60, 5.8144223176208674e-55, 3.3148150803915713e-50, 1.1492541176887132e-45, 2.425565825646041e-41, 3.11964193792926e-37, 2.4477308631536625e-33, 1.1729520758731756e-29, 3.436867399610143e-26, 6.165055387868239e-23, 6.778694869275555e-20, 4.574572457728444e-17, 1.8972638527510983e-14, 4.842527403851009e-12, 7.617186503286905e-10, 7.394737173892347e-08, 4.437111577519636e-06, 0.00016481142610237808, 0.0037954166764986356, 0.054276059485222475, 0.4827706961240676, 2.6753436925735077, 9.252557800804766, 20.005063104488148, 27.088252010702895, 23.012642822701068, 12.288313040538313, 4.132074472288126, 0.8766329931476953, 0.11756514978062096, 0.009986222523257504, 0.000538331318406811, 1.8454433423786902e-05, 4.0312904821619264e-07, 5.623179548972999e-09, 5.019133759902857e-11, 2.87283784960773e-13, 1.0567381984082499e-15, 2.503500623940896e-18]
Integrating the pdf from -inf to +inf:  (0.9999999999969186, 1.0054245590323175e-08)
0.014651306186247392

















"C:\Users\Michael Chen\Downloads\radius-master\venv\Scripts\python.exe" C:/Desktop/pythonProjects/Comments-On-GrimolinRussel22/run_alternative_data/plot_alt_data.py
C:\Users\Michael Chen\Downloads\radius-master\venv\lib\site-packages\scipy\stats\_morestats.py:1758: UserWarning: Input data for shapiro has range zero. The results may not be accurate.
  warnings.warn("Input data for shapiro has range zero. The results "
number of normal samples out of 200:  141 
p's of not-normal samples:  [] 
iterations:  2
141
141
midpoint:  [1.         0.9950316  0.99119125 0.98824969 0.98601115 0.98432283
 0.9830356  0.9820346  0.98122025 0.98056783 0.97999436 0.9794674
 0.97894036 0.97842284 0.97784652 0.97724343 0.9766029  0.97593773
 0.97523341 0.97449016 0.97370021 0.97291191 0.97210261 0.97126738
 0.9704553  0.96963298 0.96882034 0.96807017 0.96731325 0.96656232
 0.96585984 0.96516297 0.96453309 0.96393852 0.96333202 0.96275899
 0.96220141 0.96165839 0.96112442 0.96060855 0.96007548 0.95954367
 0.95903557 0.958464   0.95790913 0.9572417  0.95655446 0.95585766
 0.95508084 0.95420115 0.95322613 0.95222621 0.95109213 0.94992698
 0.94862567 0.94721247 0.94567765 0.94404977 0.94223263 0.94025193
 0.93813017 0.9358872  0.93350821 0.93097452 0.9281587  0.92523108
 0.92213624 0.91887722 0.91541762 0.91172351 0.90775944 0.90366265
 0.89944269 0.89494693 0.89013307 0.8853107  0.88032825 0.87503621
 0.8696226  0.8641493  0.85827793 0.85220537 0.84587909 0.83926497
 0.83245606 0.82547404 0.81838348 0.81135596 0.80403435 0.7963937
 0.7884785  0.78073057 0.7726081  0.76398991 0.75532039 0.7464992
 0.73755543 0.72843134 0.71916536 0.70964657 0.69985518 0.68969624
 0.67948582 0.6693006  0.65864748 0.64810098 0.63730567 0.6266817
 0.61592045 0.60483889 0.59372058 0.58297892 0.57154232 0.55972139
 0.54799502 0.53594234 0.5238684  0.51200976 0.49962385 0.48701694
 0.47487329 0.46289969 0.45046042 0.43761668 0.42487385 0.41208874
 0.39975926 0.38723706 0.37480765 0.36237483 0.34944459 0.33603184
 0.32312372 0.30996875 0.29672497 0.28357913 0.27013135 0.25659493
 0.24275529 0.22941919 0.21582817]
mu:  [[ 1.00000000e+000  9.95002874e-001  9.91150525e-001  9.88204766e-001
   9.85966307e-001  9.84269736e-001  9.82978995e-001  9.81983336e-001
   9.81193714e-001  9.80539579e-001  9.79966046e-001  9.79431392e-001
   9.78904869e-001  9.78364786e-001  9.77796844e-001  9.77192693e-001
   9.76548694e-001  9.75864846e-001  9.75143888e-001  9.74390528e-001
   9.73610801e-001  9.72811534e-001  9.71999904e-001  9.71183082e-001
   9.70367943e-001  9.69560847e-001  9.68767462e-001  9.67992641e-001
   9.67240334e-001  9.66513531e-001  9.65814239e-001  9.65143470e-001
   9.64501260e-001  9.63886697e-001  9.63297958e-001  9.62732361e-001
   9.62186420e-001  9.61655910e-001  9.61135927e-001  9.60620959e-001
   9.60104950e-001  9.59581370e-001  9.59043282e-001  9.58483403e-001
   9.57894171e-001  9.57267801e-001  9.56596345e-001  9.55871744e-001
   9.55085880e-001  9.54230619e-001  9.53297864e-001  9.52279584e-001
   9.51167858e-001  9.49954909e-001  9.48633128e-001  9.47195109e-001
   9.45633668e-001  9.43941865e-001  9.42113024e-001  9.40140750e-001
   9.38018938e-001  9.35741787e-001  9.33303812e-001  9.30699845e-001
   9.27925044e-001  9.24974896e-001  9.21845219e-001  9.18532160e-001
   9.15032199e-001  9.11342141e-001  9.07459119e-001  9.03380583e-001
   8.99104302e-001  8.94628354e-001  8.89951118e-001  8.85071273e-001
   8.79987784e-001  8.74699897e-001  8.69207133e-001  8.63509272e-001
   8.57606351e-001  8.51498654e-001  8.45186697e-001  8.38671225e-001
   8.31953201e-001  8.25033792e-001  8.17914367e-001  8.10596481e-001
   8.03081869e-001  7.95372436e-001  7.87470247e-001  7.79377519e-001
   7.71096611e-001  7.62630019e-001  7.53980361e-001  7.45150374e-001
   7.36142903e-001  7.26960895e-001  7.17607392e-001  7.08085518e-001
   6.98398480e-001  6.88549555e-001  6.78542084e-001  6.68379468e-001
   6.58065160e-001  6.47602660e-001  6.36995507e-001  6.26247274e-001
   6.15361567e-001  6.04342013e-001  5.93192259e-001  5.81915967e-001
   5.70516811e-001  5.58998468e-001  5.47364620e-001  5.35618944e-001
   5.23765113e-001  5.11806791e-001  4.99747630e-001  4.87591265e-001
   4.75341315e-001  4.63001376e-001  4.50575020e-001  4.38065795e-001
   4.25477219e-001  4.12812779e-001  4.00075931e-001  3.87270096e-001
   3.74398657e-001  3.61464962e-001  3.48472319e-001  3.35423995e-001
   3.22323215e-001  3.09173161e-001  2.95976973e-001  2.82737743e-001
   2.69458520e-001  2.56142306e-001  2.42792053e-001  2.29410669e-001
   2.16001013e-001  3.25142010e+161  2.68904304e+161  2.35054189e+180
   1.16707406e+200  3.17095858e+180  1.36456350e+161  2.01093969e-309
   6.69108617e+160  3.88880359e+281  7.27366014e+175  7.48276248e+247
   1.06758000e+224  5.81751902e+252  3.50133584e-311  5.45150447e-268
   2.00429134e-313  1.68035266e+241  8.94094641e+044  6.81529808e+073
   6.96770841e+252 -3.63002359e+125  1.33360301e+241  1.43659115e-310
   8.88782353e+252  7.84926243e-311  5.97522954e-299  2.25337499e+241
   2.53970727e+151  4.05049202e+242  1.29782572e+180  1.29883042e+219
   1.01979406e+200  6.56690639e+199  1.87254852e-311  1.00562508e-248
   1.15549302e-313  4.09487469e-308  9.37433289e+252  1.99105670e+209
   1.02577451e+200  2.04100135e+161  4.23784211e-186  5.39948460e-313
   3.67767335e-308  6.21822213e+175  6.88319223e-314  7.43361637e-251
   7.34237923e-270  5.07928728e-299  5.08630052e-299  5.41699346e-275
   1.48219694e-323  0.00000000e+000  0.00000000e+000  0.00000000e+000
   0.00000000e+000  0.00000000e+000  0.00000000e+000  1.48539705e-312]]
line:  [1.         0.99169554 0.98616174 0.98271928 0.98083022 0.98006661
 0.98008779 0.98062354 0.98146117 0.98243533 0.98341978 0.98432065
 0.98507073 0.98562463 0.98595467 0.98604731 0.98590015 0.98551933
 0.98491733 0.98411112 0.98312068 0.98196764 0.98067435 0.97926302
 0.97775511 0.9761708  0.97452872 0.97284566 0.97113639 0.96941368
 0.96768817 0.96596847 0.9642612  0.96257108 0.96090105 0.95925238
 0.95762481 0.95601669 0.95442512 0.95284608 0.95127458 0.94970476
 0.94813007 0.94654333 0.94493686 0.94330261 0.94163225 0.93991721
 0.93814885 0.93631845 0.93441735 0.93243694 0.9303688  0.92820467
 0.92593654 0.92355669 0.92105769 0.91843245 0.91567425 0.91277674
 0.90973398 0.90654042 0.90319092 0.89968079 0.89600573 0.89216188
 0.88814579 0.88395442 0.87958515 0.87503575 0.87030437 0.86538956
 0.86029023 0.85500562 0.84953533 0.84387929 0.83803772 0.83201115
 0.82580039 0.81940649 0.81283079 0.80607482 0.79914035 0.79202937
 0.78474401 0.77728661 0.76965966 0.7618658  0.75390779 0.7457885
 0.73751095 0.7290782  0.72049342 0.71175987 0.70288083 0.69385967
 0.68469977 0.67540458 0.66597754 0.65642213 0.64674183 0.63694013
 0.62702051 0.61698646 0.60684143 0.59658887 0.58623219 0.57577478
 0.56522001 0.5545712  0.54383163 0.53300454 0.52209313 0.51110056
 0.50002993 0.48888429 0.47766665 0.46637994 0.45502707 0.44361088
 0.43213414 0.42059959 0.40900989 0.39736765 0.38567544 0.37393574
 0.36215101 0.35032362 0.3384559  0.32655013 0.31460851 0.30263322
 0.29062636 0.27858997 0.26652606 0.25443658 0.24232342 0.23018842
 0.21803339 0.20586006 0.19367014]
Test mu and st dev:  0.035826338901048305
test mu and sigma
Q2:  0.0
C:/Desktop/pythonProjects/Comments-On-GrimolinRussel22/run_alternative_data/plot_alt_data.py:113: RuntimeWarning: divide by zero encountered in double_scalars
  (1 / x_sigma2) * (z ** 2) + (1 / y_sigma2)
C:/Desktop/pythonProjects/Comments-On-GrimolinRussel22/run_alternative_data/plot_alt_data.py:115: RuntimeWarning: divide by zero encountered in double_scalars
  b = (x_mean / x_sigma2) * z + (y_mean / y_sigma2)
C:/Desktop/pythonProjects/Comments-On-GrimolinRussel22/run_alternative_data/plot_alt_data.py:116: RuntimeWarning: divide by zero encountered in double_scalars
  c = (x_mean ** 2) / x_sigma2 + (y_mean ** 2) / y_sigma2
C:/Desktop/pythonProjects/Comments-On-GrimolinRussel22/run_alternative_data/plot_alt_data.py:119: RuntimeWarning: invalid value encountered in double_scalars
  b ** 2 - (c * (a ** 2))
C:/Desktop/pythonProjects/Comments-On-GrimolinRussel22/run_alternative_data/plot_alt_data.py:122: RuntimeWarning: divide by zero encountered in double_scalars
  pdf = (b * d) / (a ** 3) * (1 / (np.sqrt(2 * np.pi) * x_sigma * y_sigma)) * \
C:/Desktop/pythonProjects/Comments-On-GrimolinRussel22/run_alternative_data/plot_alt_data.py:123: RuntimeWarning: invalid value encountered in double_scalars
  (norm.cdf(b / a) - norm.cdf(-b / a)) + (1 / ((a ** 2) * np.pi * x_sigma * y_sigma)) * np.exp(-c / 2)
C:/Desktop/pythonProjects/Comments-On-GrimolinRussel22/run_alternative_data/plot_alt_data.py:115: RuntimeWarning: invalid value encountered in double_scalars
  b = (x_mean / x_sigma2) * z + (y_mean / y_sigma2)
C:/Desktop/pythonProjects/Comments-On-GrimolinRussel22/run_alternative_data/plot_alt_data.py:132: IntegrationWarning: The occurrence of roundoff error is detected, which prevents 
  the requested tolerance from being achieved.  The error may be 
  underestimated.
  mu = scipy.integrate.quad(mu_integrand, -np.inf, np.inf)[0]
Q2:  0.01
C:/Desktop/pythonProjects/Comments-On-GrimolinRussel22/run_alternative_data/plot_alt_data.py:136: IntegrationWarning: The occurrence of roundoff error is detected, which prevents 
  the requested tolerance from being achieved.  The error may be 
  underestimated.
  sigma_sq = scipy.integrate.quad(sigma_integrand, -np.inf, np.inf)[0]
Q2:  0.02
Q2:  0.03
Q2:  0.04
Q2:  0.05
Q2:  0.06
Q2:  0.07
Q2:  0.08
Q2:  0.09
Q2:  0.1
Q2:  0.11
Q2:  0.12
Q2:  0.13
Q2:  0.14
Q2:  0.15
Q2:  0.16
Q2:  0.17
Q2:  0.18
Q2:  0.19
Q2:  0.2
Q2:  0.21
Q2:  0.22
Q2:  0.23
Q2:  0.24
Q2:  0.25
Q2:  0.26
Q2:  0.27
Q2:  0.28
Q2:  0.29
Q2:  0.3
Q2:  0.31
Q2:  0.32
Q2:  0.33
Q2:  0.34
Q2:  0.35000000000000003
Q2:  0.36
Q2:  0.37
Q2:  0.38
Q2:  0.39
Q2:  0.4
Q2:  0.41000000000000003
Q2:  0.42
Q2:  0.43
Q2:  0.44
Q2:  0.45
Q2:  0.46
Q2:  0.47000000000000003
Q2:  0.48
Q2:  0.49
Q2:  0.5
Q2:  0.51
Q2:  0.52
Q2:  0.53
Q2:  0.54
Q2:  0.55
Q2:  0.56
Q2:  0.5700000000000001
Q2:  0.58
Q2:  0.59
Q2:  0.6
Q2:  0.61
Q2:  0.62
Q2:  0.63
Q2:  0.64
Q2:  0.65
Q2:  0.66
Q2:  0.67
Q2:  0.68
Q2:  0.6900000000000001
Q2:  0.7000000000000001
Q2:  0.71
Q2:  0.72
Q2:  0.73
Q2:  0.74
Q2:  0.75
Q2:  0.76
Q2:  0.77
Q2:  0.78
Q2:  0.79
Q2:  0.8
Q2:  0.81
Q2:  0.8200000000000001
Q2:  0.8300000000000001
Q2:  0.84
Q2:  0.85
Q2:  0.86
Q2:  0.87
Q2:  0.88
Q2:  0.89
Q2:  0.9
Q2:  0.91
Q2:  0.92
Q2:  0.93
Q2:  0.9400000000000001
Q2:  0.9500000000000001
Q2:  0.96
Q2:  0.97
Q2:  0.98
Q2:  0.99
Q2:  1.0
Q2:  1.01
Q2:  1.02
Q2:  1.03
Q2:  1.04
Q2:  1.05
Q2:  1.06
Q2:  1.07
Q2:  1.08
Q2:  1.09
Q2:  1.1
Q2:  1.11
Q2:  1.12
Q2:  1.1300000000000001
Q2:  1.1400000000000001
Q2:  1.1500000000000001
Q2:  1.16
Q2:  1.17
Q2:  1.18
Q2:  1.19
Q2:  1.2
Q2:  1.21
Q2:  1.22
Q2:  1.23
Q2:  1.24
Q2:  1.25
Q2:  1.26
Q2:  1.27
Q2:  1.28
Q2:  1.29
Q2:  1.3
Q2:  1.31
Q2:  1.32
Q2:  1.33
Q2:  1.34
Q2:  1.35
Q2:  1.36
Q2:  1.37
Q2:  1.3800000000000001
Q2:  1.3900000000000001
Q2:  1.4
C:\Users\Michael Chen\Downloads\radius-master\venv\lib\site-packages\scipy\stats\_morestats.py:1758: UserWarning: Input data for shapiro has range zero. The results may not be accurate.
  warnings.warn("Input data for shapiro has range zero. The results "
number of normal samples out of 200:  141 
p's of not-normal samples:  [] 
iterations:  347
141
141
midpoint:  [1.         0.99631171 0.993426   0.99121871 0.98953271 0.98825477
 0.98729142 0.98650946 0.98593823 0.98545971 0.9850721  0.98470014
 0.98434817 0.98399064 0.98360104 0.98316515 0.9826778  0.98219126
 0.98163882 0.98107589 0.98046177 0.97982003 0.97913732 0.97839929
 0.97767497 0.97696179 0.97617809 0.97539231 0.97461304 0.97384208
 0.97312279 0.97232787 0.97157919 0.97075887 0.96998048 0.96918393
 0.96838258 0.96756676 0.96676024 0.96601199 0.96520122 0.96439599
 0.96356615 0.96268021 0.96175387 0.96075281 0.95972035 0.95867238
 0.95750338 0.95629954 0.95506485 0.95372845 0.9522034  0.95068138
 0.94902728 0.94729579 0.94547532 0.94361837 0.94154747 0.93950875
 0.93715856 0.93467006 0.93202592 0.92930482 0.9263921  0.9234097
 0.92026913 0.91701917 0.91355601 0.90991211 0.90608877 0.90196308
 0.89774248 0.89338825 0.88889148 0.88415705 0.87932288 0.87404873
 0.86888209 0.86330329 0.85766535 0.85176196 0.84585818 0.83987267
 0.83326889 0.82661753 0.81993312 0.81308906 0.80611458 0.79920773
 0.79192541 0.78430132 0.77625757 0.76820076 0.75979325 0.75132735
 0.7428506  0.73411221 0.72514615 0.71605666 0.70680981 0.69744486
 0.68727152 0.67727836 0.66750841 0.65813157 0.64785273 0.6375329
 0.62693956 0.61608117 0.6050464  0.5940655  0.5829197  0.57210395
 0.56075694 0.54910471 0.53785521 0.52615095 0.51451293 0.50276656
 0.49039296 0.47793848 0.46624592 0.45347635 0.44148816 0.4284756
 0.41554987 0.40279341 0.38958695 0.37710148 0.36444337 0.35178183
 0.33842006 0.32467027 0.3110322  0.297379   0.28343062 0.26939607
 0.25555138 0.24144719 0.2273546 ]
mu:  [[1.00000000e+000 9.96308803e-001 9.93433797e-001 9.91215290e-001
  9.89517440e-001 9.88225527e-001 9.87243454e-001 9.86491450e-001
  9.85903982e-001 9.85427865e-001 9.85020553e-001 9.84648609e-001
  9.84286334e-001 9.83914553e-001 9.83519535e-001 9.83092044e-001
  9.82626504e-001 9.82120270e-001 9.81573002e-001 9.80986116e-001
  9.80362316e-001 9.79705200e-001 9.79018919e-001 9.78307902e-001
  9.77576618e-001 9.76829389e-001 9.76070241e-001 9.75302777e-001
  9.74530092e-001 9.73754704e-001 9.72978511e-001 9.72202760e-001
  9.71428037e-001 9.70654265e-001 9.69880719e-001 9.69106041e-001
  9.68328271e-001 9.67544876e-001 9.66752787e-001 9.65948439e-001
  9.65127812e-001 9.64286476e-001 9.63419631e-001 9.62522155e-001
  9.61588644e-001 9.60613455e-001 9.59590750e-001 9.58514532e-001
  9.57378686e-001 9.56177014e-001 9.54903271e-001 9.53551196e-001
  9.52114541e-001 9.50587104e-001 9.48962749e-001 9.47235436e-001
  9.45399238e-001 9.43448365e-001 9.41377178e-001 9.39180210e-001
  9.36852176e-001 9.34387988e-001 9.31782766e-001 9.29031846e-001
  9.26130789e-001 9.23075389e-001 9.19861673e-001 9.16485912e-001
  9.12944620e-001 9.09234554e-001 9.05352721e-001 9.01296372e-001
  8.97063003e-001 8.92650354e-001 8.88056408e-001 8.83279385e-001
  8.78317740e-001 8.73170160e-001 8.67835557e-001 8.62313067e-001
  8.56602039e-001 8.50702037e-001 8.44612827e-001 8.38334376e-001
  8.31866844e-001 8.25210576e-001 8.18366099e-001 8.11334114e-001
  8.04115487e-001 7.96711246e-001 7.89122573e-001 7.81350797e-001
  7.73397387e-001 7.65263946e-001 7.56952206e-001 7.48464018e-001
  7.39801348e-001 7.30966273e-001 7.21960968e-001 7.12787707e-001
  7.03448855e-001 6.93946860e-001 6.84284247e-001 6.74463619e-001
  6.64487644e-001 6.54359052e-001 6.44080633e-001 6.33655228e-001
  6.23085727e-001 6.12375063e-001 6.01526208e-001 5.90542168e-001
  5.79425981e-001 5.68180710e-001 5.56809442e-001 5.45315280e-001
  5.33701346e-001 5.21970772e-001 5.10126698e-001 4.98172272e-001
  4.86110642e-001 4.73944957e-001 4.61678363e-001 4.49313999e-001
  4.36854998e-001 4.24304481e-001 4.11665557e-001 3.98941320e-001
  3.86134847e-001 3.73249197e-001 3.60287408e-001 3.47252497e-001
  3.34147454e-001 3.20975248e-001 3.07738818e-001 2.94441078e-001
  2.81084911e-001 2.67673171e-001 2.54208678e-001 2.40694224e-001
  2.27132564e-001 1.69257925e-052 2.00190030e-076 6.99195612e-077
  5.93739897e-038 1.08568759e-042 3.24251210e-086 1.31505786e-047
  1.83222110e-076 2.31574409e-052 7.00205666e-077 8.16469982e-043
  2.42219777e-052 1.03277301e-047 1.65634115e-153 1.36901079e-071
  1.69257443e-052 3.24245686e-086 1.58175432e-153 1.42605269e-071
  9.49762963e-043 2.44334348e-154 1.45162885e-047 3.89186839e-033
  3.24250905e-086 1.03052741e-071 1.79698570e-052 1.19876939e-071
  6.99533604e-077 2.31901801e-052 2.17664522e-076 3.24252442e-086
  5.94198630e-038 2.90130148e-057 2.10693435e-052 6.99867011e-077
  1.37077775e-071 3.85466251e-057 2.40461205e-057 1.73179859e-153
  6.12957514e-062 4.66073574e-033 3.24252135e-086 5.93393710e-038
  3.21867525e-057 2.00252948e-052 2.44261369e-154 1.57212662e-076
  2.89941509e-057 3.24252740e-086 1.35712666e-153 8.61662528e-043
  5.34274579e-038 6.99362947e-077 1.91925355e-076 2.21296746e-052
  3.24253048e-086 3.31561172e-033 2.00620326e-052 1.48575413e-076]]
line:  [1.         0.99241833 0.98724772 0.98392493 0.98199878 0.98110585
 0.98095294 0.98130387 0.9819694  0.9827993  0.98367591 0.98450885
 0.98523053 0.9857924  0.98616161 0.98631821 0.98625267 0.98596379
 0.98545677 0.98474174 0.98383233 0.98274459 0.98149601 0.98010479
 0.97858915 0.9769669  0.97525497 0.9734692  0.97162408 0.96973261
 0.96780625 0.96585482 0.96388658 0.96190817 0.95992474 0.95793997
 0.95595617 0.95397439 0.95199448 0.95001521 0.9480344  0.94604898
 0.94405511 0.94204825 0.94002333 0.93797473 0.93589645 0.93378215
 0.93162525 0.92941896 0.92715638 0.92483054 0.92243446 0.91996122
 0.91740394 0.91475591 0.91201055 0.90916148 0.90620255 0.90312782
 0.89993167 0.89660871 0.89315387 0.88956238 0.88582981 0.88195203
 0.87792524 0.87374598 0.86941113 0.86491787 0.86026375 0.85544662
 0.85046463 0.84531628 0.84000035 0.83451592 0.82886236 0.82303932
 0.8170467  0.81088466 0.80455363 0.79805424 0.79138736 0.78455406
 0.77755562 0.77039349 0.76306931 0.75558486 0.74794212 0.74014315
 0.73219017 0.72408554 0.71583168 0.70743116 0.69888659 0.6902007
 0.68137626 0.67241613 0.6633232  0.65410042 0.64475078 0.63527728
 0.62568297 0.6159709  0.60614415 0.59620579 0.58615889 0.57600654
 0.56575178 0.55539769 0.54494728 0.53440357 0.52376956 0.5130482
 0.50224243 0.49135514 0.48038921 0.46934746 0.45823268 0.44704761
 0.43579497 0.42447741 0.41309755 0.40165797 0.39016119 0.37860968
 0.36700588 0.35535217 0.34365088 0.3319043  0.32011467 0.30828417
 0.29641494 0.28450908 0.27256862 0.26059556 0.24859184 0.23655938
 0.22450002 0.21241557 0.20030779]
Test mu and st dev:  0.054803663198385186
test mu and sigma
Q2:  0.0
C:/Desktop/pythonProjects/Comments-On-GrimolinRussel22/run_alternative_data/plot_alt_data.py:113: RuntimeWarning: divide by zero encountered in double_scalars
  (1 / x_sigma2) * (z ** 2) + (1 / y_sigma2)
C:/Desktop/pythonProjects/Comments-On-GrimolinRussel22/run_alternative_data/plot_alt_data.py:115: RuntimeWarning: divide by zero encountered in double_scalars
  b = (x_mean / x_sigma2) * z + (y_mean / y_sigma2)
C:/Desktop/pythonProjects/Comments-On-GrimolinRussel22/run_alternative_data/plot_alt_data.py:116: RuntimeWarning: divide by zero encountered in double_scalars
  c = (x_mean ** 2) / x_sigma2 + (y_mean ** 2) / y_sigma2
C:/Desktop/pythonProjects/Comments-On-GrimolinRussel22/run_alternative_data/plot_alt_data.py:119: RuntimeWarning: invalid value encountered in double_scalars
  b ** 2 - (c * (a ** 2))
C:/Desktop/pythonProjects/Comments-On-GrimolinRussel22/run_alternative_data/plot_alt_data.py:122: RuntimeWarning: divide by zero encountered in double_scalars
  pdf = (b * d) / (a ** 3) * (1 / (np.sqrt(2 * np.pi) * x_sigma * y_sigma)) * \
C:/Desktop/pythonProjects/Comments-On-GrimolinRussel22/run_alternative_data/plot_alt_data.py:123: RuntimeWarning: invalid value encountered in double_scalars
  (norm.cdf(b / a) - norm.cdf(-b / a)) + (1 / ((a ** 2) * np.pi * x_sigma * y_sigma)) * np.exp(-c / 2)
C:/Desktop/pythonProjects/Comments-On-GrimolinRussel22/run_alternative_data/plot_alt_data.py:115: RuntimeWarning: invalid value encountered in double_scalars
  b = (x_mean / x_sigma2) * z + (y_mean / y_sigma2)
C:/Desktop/pythonProjects/Comments-On-GrimolinRussel22/run_alternative_data/plot_alt_data.py:132: IntegrationWarning: The occurrence of roundoff error is detected, which prevents 
  the requested tolerance from being achieved.  The error may be 
  underestimated.
  mu = scipy.integrate.quad(mu_integrand, -np.inf, np.inf)[0]
Q2:  0.01
C:/Desktop/pythonProjects/Comments-On-GrimolinRussel22/run_alternative_data/plot_alt_data.py:136: IntegrationWarning: The occurrence of roundoff error is detected, which prevents 
  the requested tolerance from being achieved.  The error may be 
  underestimated.
  sigma_sq = scipy.integrate.quad(sigma_integrand, -np.inf, np.inf)[0]
Q2:  0.02
Q2:  0.03
Q2:  0.04
Q2:  0.05
Q2:  0.06
Q2:  0.07
Q2:  0.08
Q2:  0.09
Q2:  0.1
Q2:  0.11
Q2:  0.12
Q2:  0.13
Q2:  0.14
Q2:  0.15
Q2:  0.16
Q2:  0.17
Q2:  0.18
Q2:  0.19
Q2:  0.2
Q2:  0.21
Q2:  0.22
Q2:  0.23
Q2:  0.24
Q2:  0.25
Q2:  0.26
Q2:  0.27
Q2:  0.28
Q2:  0.29
Q2:  0.3
Q2:  0.31
Q2:  0.32
Q2:  0.33
Q2:  0.34
Q2:  0.35000000000000003
Q2:  0.36
Q2:  0.37
Q2:  0.38
Q2:  0.39
Q2:  0.4
Q2:  0.41000000000000003
Q2:  0.42
Q2:  0.43
Q2:  0.44
Q2:  0.45
Q2:  0.46
Q2:  0.47000000000000003
Q2:  0.48
Q2:  0.49
Q2:  0.5
Q2:  0.51
Q2:  0.52
Q2:  0.53
Q2:  0.54
Q2:  0.55
Q2:  0.56
Q2:  0.5700000000000001
Q2:  0.58
Q2:  0.59
Q2:  0.6
Q2:  0.61
Q2:  0.62
Q2:  0.63
Q2:  0.64
Q2:  0.65
Q2:  0.66
Q2:  0.67
Q2:  0.68
Q2:  0.6900000000000001
Q2:  0.7000000000000001
Q2:  0.71
Q2:  0.72
Q2:  0.73
Q2:  0.74
Q2:  0.75
Q2:  0.76
Q2:  0.77
Q2:  0.78
Q2:  0.79
Q2:  0.8
Q2:  0.81
Q2:  0.8200000000000001
Q2:  0.8300000000000001
Q2:  0.84
Q2:  0.85
Q2:  0.86
Q2:  0.87
Q2:  0.88
Q2:  0.89
Q2:  0.9
Q2:  0.91
Q2:  0.92
Q2:  0.93
Q2:  0.9400000000000001
Q2:  0.9500000000000001
Q2:  0.96
Q2:  0.97
Q2:  0.98
Q2:  0.99
Q2:  1.0
Q2:  1.01
Q2:  1.02
Q2:  1.03
Q2:  1.04
Q2:  1.05
Q2:  1.06
Q2:  1.07
Q2:  1.08
Q2:  1.09
Q2:  1.1
Q2:  1.11
Q2:  1.12
Q2:  1.1300000000000001
Q2:  1.1400000000000001
Q2:  1.1500000000000001
Q2:  1.16
Q2:  1.17
Q2:  1.18
Q2:  1.19
Q2:  1.2
Q2:  1.21
Q2:  1.22
Q2:  1.23
Q2:  1.24
Q2:  1.25
Q2:  1.26
Q2:  1.27
Q2:  1.28
Q2:  1.29
Q2:  1.3
Q2:  1.31
Q2:  1.32
Q2:  1.33
Q2:  1.34
Q2:  1.35
Q2:  1.36
Q2:  1.37
Q2:  1.3800000000000001
Q2:  1.3900000000000001
Q2:  1.4
C:\Users\Michael Chen\Downloads\radius-master\venv\lib\site-packages\scipy\stats\_morestats.py:1758: UserWarning: Input data for shapiro has range zero. The results may not be accurate.
  warnings.warn("Input data for shapiro has range zero. The results "
number of normal samples out of 200:  141 
p's of not-normal samples:  [] 
iterations:  2
141
141
midpoint:  [1.         0.99674909 0.99400941 0.99170335 0.98975571 0.98811365
 0.98672612 0.98552622 0.98448839 0.98358758 0.98276341 0.98202087
 0.98133951 0.980679   0.98003234 0.9794075  0.97879656 0.97817706
 0.97756299 0.97692933 0.97629335 0.97564402 0.97501128 0.9743349
 0.97365308 0.97296294 0.97229473 0.97160797 0.9709288  0.97023464
 0.9695682  0.96890051 0.9682482  0.96758801 0.96694603 0.96627809
 0.96561087 0.96495026 0.96425023 0.96356808 0.96287928 0.96215873
 0.96142241 0.96062517 0.95983401 0.95900671 0.95815116 0.95722116
 0.95632145 0.95534523 0.95428966 0.95315225 0.95190325 0.95060657
 0.94920554 0.94773284 0.94619647 0.94453863 0.94275035 0.94079527
 0.93878903 0.93664214 0.93438181 0.9318891  0.92925215 0.92656786
 0.92367636 0.92067176 0.91761378 0.91434959 0.91089692 0.90734586
 0.90353679 0.89961894 0.89559868 0.8915778  0.88718519 0.88253275
 0.87782563 0.87276955 0.86743418 0.86210669 0.8566462  0.85111456
 0.8452591  0.83929381 0.83324895 0.82699144 0.82047675 0.81371759
 0.80680934 0.79968893 0.79218344 0.78469411 0.77712391 0.76922279
 0.761062   0.75328903 0.74497752 0.73641981 0.72771467 0.71886175
 0.70979331 0.7005857  0.69123966 0.68182604 0.67228802 0.66251684
 0.65224499 0.64214108 0.63215208 0.62160356 0.61071522 0.60061396
 0.58982578 0.57915682 0.56836983 0.5578431  0.54714106 0.5362743
 0.52470068 0.51404405 0.50255084 0.49086361 0.47861832 0.46559542
 0.45382434 0.44242976 0.43057484 0.418426   0.40610924 0.3936819
 0.38133314 0.36860635 0.35607182 0.34316156 0.33027996 0.31737488
 0.30451347 0.2912609  0.27819995]
mu:  [[1.00000000e+000 9.96741154e-001 9.93994006e-001 9.91680141e-001
  9.89729798e-001 9.88081363e-001 9.86680817e-001 9.85481186e-001
  9.84441977e-001 9.83528608e-001 9.82711865e-001 9.81967353e-001
  9.81274983e-001 9.80618471e-001 9.79984873e-001 9.79364138e-001
  9.78748707e-001 9.78133125e-001 9.77513701e-001 9.76888185e-001
  9.76255489e-001 9.75615426e-001 9.74968484e-001 9.74315626e-001
  9.73658112e-001 9.72997349e-001 9.72334760e-001 9.71671674e-001
  9.71009237e-001 9.70348334e-001 9.69689535e-001 9.69033043e-001
  9.68378669e-001 9.67725802e-001 9.67073403e-001 9.66419996e-001
  9.65763673e-001 9.65102103e-001 9.64432544e-001 9.63751865e-001
  9.63056565e-001 9.62342799e-001 9.61606406e-001 9.60842936e-001
  9.60047678e-001 9.59215695e-001 9.58341850e-001 9.57420842e-001
  9.56447228e-001 9.55415459e-001 9.54319909e-001 9.53154898e-001
  9.51914721e-001 9.50593675e-001 9.49186081e-001 9.47686308e-001
  9.46088791e-001 9.44388057e-001 9.42578736e-001 9.40655583e-001
  9.38613491e-001 9.36447506e-001 9.34152840e-001 9.31724879e-001
  9.29159198e-001 9.26451565e-001 9.23597951e-001 9.20594534e-001
  9.17437708e-001 9.14124082e-001 9.10650489e-001 9.07013983e-001
  9.03211843e-001 8.99241571e-001 8.95100897e-001 8.90787773e-001
  8.86300373e-001 8.81637090e-001 8.76796538e-001 8.71777542e-001
  8.66579138e-001 8.61200569e-001 8.55641281e-001 8.49900917e-001
  8.43979313e-001 8.37876490e-001 8.31592654e-001 8.25128186e-001
  8.18483638e-001 8.11659726e-001 8.04657327e-001 7.97477469e-001
  7.90121327e-001 7.82590217e-001 7.74885590e-001 7.67009027e-001
  7.58962228e-001 7.50747012e-001 7.42365310e-001 7.33819155e-001
  7.25110681e-001 7.16242114e-001 7.07215768e-001 6.98034041e-001
  6.88699406e-001 6.79214408e-001 6.69581658e-001 6.59803830e-001
  6.49883653e-001 6.39823908e-001 6.29627425e-001 6.19297075e-001
  6.08835767e-001 5.98246445e-001 5.87532085e-001 5.76695685e-001
  5.65740270e-001 5.54668880e-001 5.43484573e-001 5.32190418e-001
  5.20789493e-001 5.09284882e-001 4.97679670e-001 4.85976943e-001
  4.74179786e-001 4.62291275e-001 4.50314481e-001 4.38252463e-001
  4.26108269e-001 4.13884931e-001 4.01585466e-001 3.89212871e-001
  3.76770124e-001 3.64260180e-001 3.51685972e-001 3.39050406e-001
  3.26356364e-001 3.13606697e-001 3.00804230e-001 2.87951757e-001
  2.75052041e-001 1.14394275e-071 8.59809633e-067 7.00206333e-077
  7.71803596e-043 3.12300105e-033 3.24250901e-086 1.73092343e-153
  4.42229811e-062 6.51824014e-038 6.99696359e-077 2.09163822e-076
  1.90139690e-052 3.24238936e-086 4.85409870e-033 2.73949824e-057
  5.39176187e-062 7.00371050e-077 2.00335480e-052 7.26084839e-043
  1.03277309e-047 1.80673717e-259 8.98500068e-067 9.49762963e-043
  6.99364280e-077 7.40905833e-038 6.82017200e-038 1.57588662e-052
  1.65487535e-153 3.69535822e-057 2.90065970e-057 3.24253052e-086
  1.69176832e-052 2.21297068e-052 3.88660787e-033 6.99194279e-077
  5.88080622e-062 2.21460833e-052 3.24238934e-086 3.05935639e-057
  7.49115320e-067 4.90558881e-062 6.99701625e-077 1.65546146e-153
  1.25581306e-071 3.66914710e-062 2.44478883e-154 4.66725411e-062
  6.52397117e-038 3.24252128e-086 8.97340364e-067 1.17687280e-047
  4.66250227e-062 7.00039647e-077 5.94083832e-038 2.58079671e-057
  3.24252743e-086 1.87863125e-153 3.31637283e-033 1.48575413e-076]]
line:  [1.         0.99426287 0.99001647 0.98697686 0.9849015  0.98358327
 0.98284568 0.9825389  0.98253655 0.98273288 0.98304037 0.98338755
 0.98371709 0.98398408 0.98415437 0.98420313 0.98411349 0.98387533
 0.9834841  0.98293985 0.98224627 0.98140991 0.98043943 0.979345
 0.97813772 0.9768292  0.97543113 0.973955   0.97241179 0.97081183
 0.9691646  0.96747862 0.96576138 0.9640193  0.9622577  0.9604808
 0.95869175 0.95689266 0.95508464 0.95326785 0.95144157 0.94960428
 0.94775369 0.94588685 0.94400018 0.94208959 0.9401505  0.93817792
 0.93616655 0.93411077 0.93200478 0.92984259 0.9276181  0.92532517
 0.92295761 0.92050926 0.91797404 0.91534595 0.91261912 0.90978783
 0.90684656 0.90378998 0.900613   0.89731074 0.89387862 0.89031229
 0.8866077  0.88276109 0.87876897 0.87462817 0.87033581 0.8658893
 0.86128636 0.85652499 0.85160351 0.8465205  0.84127484 0.83586567
 0.83029242 0.82455475 0.8186526  0.81258614 0.80635577 0.79996212
 0.79340603 0.78668854 0.77981089 0.7727745  0.76558096 0.758232
 0.75072954 0.74307561 0.73527238 0.72732214 0.71922727 0.71099029
 0.70261378 0.6941004  0.68545291 0.6766741  0.66776685 0.65873407
 0.6495787  0.64030375 0.63091222 0.62140716 0.61179161 0.60206864
 0.59224131 0.58231269 0.57228584 0.56216381 0.55194963 0.54164632
 0.53125687 0.52078425 0.5102314  0.49960123 0.48889662 0.47812041
 0.4672754  0.45636435 0.44538999 0.43435499 0.42326199 0.41211357
 0.40091229 0.38966063 0.37836105 0.36701594 0.35562765 0.34419849
 0.33273072 0.32122653 0.30968808 0.29811747 0.28651677 0.27488799
 0.26323307 0.25155394 0.23985246]
Test mu and st dev:  0.038759912585372466
test mu and sigma
Q2:  0.0
C:/Desktop/pythonProjects/Comments-On-GrimolinRussel22/run_alternative_data/plot_alt_data.py:113: RuntimeWarning: divide by zero encountered in double_scalars
  (1 / x_sigma2) * (z ** 2) + (1 / y_sigma2)
C:/Desktop/pythonProjects/Comments-On-GrimolinRussel22/run_alternative_data/plot_alt_data.py:115: RuntimeWarning: divide by zero encountered in double_scalars
  b = (x_mean / x_sigma2) * z + (y_mean / y_sigma2)
C:/Desktop/pythonProjects/Comments-On-GrimolinRussel22/run_alternative_data/plot_alt_data.py:116: RuntimeWarning: divide by zero encountered in double_scalars
  c = (x_mean ** 2) / x_sigma2 + (y_mean ** 2) / y_sigma2
C:/Desktop/pythonProjects/Comments-On-GrimolinRussel22/run_alternative_data/plot_alt_data.py:119: RuntimeWarning: invalid value encountered in double_scalars
  b ** 2 - (c * (a ** 2))
C:/Desktop/pythonProjects/Comments-On-GrimolinRussel22/run_alternative_data/plot_alt_data.py:122: RuntimeWarning: divide by zero encountered in double_scalars
  pdf = (b * d) / (a ** 3) * (1 / (np.sqrt(2 * np.pi) * x_sigma * y_sigma)) * \
C:/Desktop/pythonProjects/Comments-On-GrimolinRussel22/run_alternative_data/plot_alt_data.py:123: RuntimeWarning: invalid value encountered in double_scalars
  (norm.cdf(b / a) - norm.cdf(-b / a)) + (1 / ((a ** 2) * np.pi * x_sigma * y_sigma)) * np.exp(-c / 2)
C:/Desktop/pythonProjects/Comments-On-GrimolinRussel22/run_alternative_data/plot_alt_data.py:115: RuntimeWarning: invalid value encountered in double_scalars
  b = (x_mean / x_sigma2) * z + (y_mean / y_sigma2)
C:/Desktop/pythonProjects/Comments-On-GrimolinRussel22/run_alternative_data/plot_alt_data.py:132: IntegrationWarning: The occurrence of roundoff error is detected, which prevents 
  the requested tolerance from being achieved.  The error may be 
  underestimated.
  mu = scipy.integrate.quad(mu_integrand, -np.inf, np.inf)[0]
Q2:  0.01
C:/Desktop/pythonProjects/Comments-On-GrimolinRussel22/run_alternative_data/plot_alt_data.py:136: IntegrationWarning: The occurrence of roundoff error is detected, which prevents 
  the requested tolerance from being achieved.  The error may be 
  underestimated.
  sigma_sq = scipy.integrate.quad(sigma_integrand, -np.inf, np.inf)[0]
Q2:  0.02
Q2:  0.03
Q2:  0.04
Q2:  0.05
Q2:  0.06
Q2:  0.07
Q2:  0.08
Q2:  0.09
Q2:  0.1
Q2:  0.11
Q2:  0.12
Q2:  0.13
Q2:  0.14
Q2:  0.15
Q2:  0.16
Q2:  0.17
Q2:  0.18
Q2:  0.19
Q2:  0.2
Q2:  0.21
Q2:  0.22
Q2:  0.23
Q2:  0.24
Q2:  0.25
Q2:  0.26
Q2:  0.27
Q2:  0.28
Q2:  0.29
Q2:  0.3
Q2:  0.31
Q2:  0.32
Q2:  0.33
Q2:  0.34
Q2:  0.35000000000000003
Q2:  0.36
Q2:  0.37
Q2:  0.38
Q2:  0.39
Q2:  0.4
Q2:  0.41000000000000003
Q2:  0.42
Q2:  0.43
Q2:  0.44
Q2:  0.45
Q2:  0.46
Q2:  0.47000000000000003
Q2:  0.48
Q2:  0.49
Q2:  0.5
Q2:  0.51
Q2:  0.52
Q2:  0.53
Q2:  0.54
Q2:  0.55
Q2:  0.56
Q2:  0.5700000000000001
Q2:  0.58
Q2:  0.59
Q2:  0.6
Q2:  0.61
Q2:  0.62
Q2:  0.63
Q2:  0.64
Q2:  0.65
Q2:  0.66
Q2:  0.67
Q2:  0.68
Q2:  0.6900000000000001
Q2:  0.7000000000000001
Q2:  0.71
Q2:  0.72
Q2:  0.73
Q2:  0.74
Q2:  0.75
Q2:  0.76
Q2:  0.77
Q2:  0.78
Q2:  0.79
Q2:  0.8
Q2:  0.81
Q2:  0.8200000000000001
Q2:  0.8300000000000001
Q2:  0.84
Q2:  0.85
Q2:  0.86
Q2:  0.87
Q2:  0.88
Q2:  0.89
Q2:  0.9
Q2:  0.91
Q2:  0.92
Q2:  0.93
Q2:  0.9400000000000001
Q2:  0.9500000000000001
Q2:  0.96
Q2:  0.97
Q2:  0.98
Q2:  0.99
Q2:  1.0
Q2:  1.01
Q2:  1.02
Q2:  1.03
Q2:  1.04
Q2:  1.05
Q2:  1.06
Q2:  1.07
Q2:  1.08
Q2:  1.09
Q2:  1.1
Q2:  1.11
Q2:  1.12
Q2:  1.1300000000000001
Q2:  1.1400000000000001
Q2:  1.1500000000000001
Q2:  1.16
Q2:  1.17
Q2:  1.18
Q2:  1.19
Q2:  1.2
Q2:  1.21
Q2:  1.22
Q2:  1.23
Q2:  1.24
Q2:  1.25
Q2:  1.26
Q2:  1.27
Q2:  1.28
Q2:  1.29
Q2:  1.3
Q2:  1.31
Q2:  1.32
Q2:  1.33
Q2:  1.34
Q2:  1.35
Q2:  1.36
Q2:  1.37
Q2:  1.3800000000000001
Q2:  1.3900000000000001
Q2:  1.4
C:\Users\Michael Chen\Downloads\radius-master\venv\lib\site-packages\scipy\stats\_morestats.py:1758: UserWarning: Input data for shapiro has range zero. The results may not be accurate.
  warnings.warn("Input data for shapiro has range zero. The results "
number of normal samples out of 200:  141 
p's of not-normal samples:  [] 
iterations:  4662
141
141
midpoint:  [1.         0.99805977 0.99635177 0.99483863 0.9935169  0.99233803
 0.99130755 0.990402   0.98959699 0.98884767 0.98817814 0.98757171
 0.98702436 0.98649652 0.98599127 0.98547606 0.98497978 0.98444427
 0.98393341 0.98343153 0.98289576 0.98238118 0.98181825 0.9812778
 0.98066093 0.9800683  0.97943026 0.97878934 0.97810156 0.97743201
 0.97669937 0.97595987 0.97522117 0.97445925 0.97366954 0.97283824
 0.97196883 0.97103897 0.97016161 0.96925328 0.96825501 0.96726689
 0.96625318 0.96515603 0.96399587 0.96276254 0.96147458 0.96015803
 0.95880617 0.9574032  0.95593833 0.95440458 0.95281884 0.95114063
 0.94947448 0.94771323 0.94582999 0.94385081 0.9417171  0.93960535
 0.9373905  0.93504699 0.93261547 0.93014062 0.92756297 0.92495704
 0.92208978 0.91920095 0.9161678  0.91313544 0.91001445 0.90652598
 0.90293964 0.89944288 0.89550975 0.89142057 0.88735504 0.88324522
 0.87895372 0.8746169  0.87018159 0.86570602 0.86089234 0.85551379
 0.8504898  0.84539708 0.84022803 0.83475311 0.8290567  0.82335192
 0.81731939 0.81147921 0.80520969 0.79895703 0.79275872 0.78618864
 0.7793101  0.77241944 0.76554715 0.75855039 0.75118858 0.74391377
 0.73681392 0.72925061 0.7218058  0.71420843 0.70663575 0.6989404
 0.69095688 0.68264643 0.67458097 0.66629389 0.65817227 0.64969016
 0.64064918 0.63163957 0.62206975 0.61286873 0.60341714 0.59436645
 0.58546892 0.57559788 0.56638839 0.55625047 0.54659619 0.53653855
 0.52582355 0.51552924 0.50499767 0.4952568  0.48602811 0.47628461
 0.46589759 0.45541056 0.44412099 0.43331588 0.4222438  0.41191467
 0.40188905 0.3911192  0.38034136]
mu:  [[1.00000000e+000 9.98055226e-001 9.96344109e-001 9.94840847e-001
  9.93520654e-001 9.92360019e-001 9.91336896e-001 9.90430836e-001
  9.89623065e-001 9.88896514e-001 9.88235816e-001 9.87627264e-001
  9.87058747e-001 9.86519670e-001 9.86000853e-001 9.85494422e-001
  9.84993698e-001 9.84493076e-001 9.83987909e-001 9.83474390e-001
  9.82949441e-001 9.82410607e-001 9.81855952e-001 9.81283966e-001
  9.80693478e-001 9.80083575e-001 9.79453531e-001 9.78802743e-001
  9.78130675e-001 9.77436803e-001 9.76720580e-001 9.75981393e-001
  9.75218536e-001 9.74431185e-001 9.73618378e-001 9.72779000e-001
  9.71911774e-001 9.71015252e-001 9.70087815e-001 9.69127672e-001
  9.68132859e-001 9.67101251e-001 9.66030562e-001 9.64918359e-001
  9.63762069e-001 9.62558990e-001 9.61306305e-001 9.60001092e-001
  9.58640339e-001 9.57220958e-001 9.55739797e-001 9.54193652e-001
  9.52579285e-001 9.50893434e-001 9.49132824e-001 9.47294183e-001
  9.45374255e-001 9.43369806e-001 9.41277639e-001 9.39094605e-001
  9.36817607e-001 9.34443619e-001 9.31969683e-001 9.29392927e-001
  9.26710564e-001 9.23919905e-001 9.21018360e-001 9.18003446e-001
  9.14872792e-001 9.11624141e-001 9.08255355e-001 9.04764418e-001
  9.01149439e-001 8.97408652e-001 8.93540418e-001 8.89543229e-001
  8.85415707e-001 8.81156600e-001 8.76764790e-001 8.72239286e-001
  8.67579227e-001 8.62783877e-001 8.57852629e-001 8.52784998e-001
  8.47580624e-001 8.42239266e-001 8.36760803e-001 8.31145227e-001
  8.25392647e-001 8.19503280e-001 8.13477452e-001 8.07315595e-001
  8.01018240e-001 7.94586019e-001 7.88019659e-001 7.81319981e-001
  7.74487891e-001 7.67524385e-001 7.60430540e-001 7.53207511e-001
  7.45856531e-001 7.38378903e-001 7.30776003e-001 7.23049268e-001
  7.15200202e-001 7.07230366e-001 6.99141379e-001 6.90934911e-001
  6.82612684e-001 6.74176467e-001 6.65628071e-001 6.56969349e-001
  6.48202195e-001 6.39328535e-001 6.30350328e-001 6.21269565e-001
  6.12088264e-001 6.02808466e-001 5.93432237e-001 5.83961661e-001
  5.74398842e-001 5.64745896e-001 5.55004957e-001 5.45178167e-001
  5.35267678e-001 5.25275649e-001 5.15204245e-001 5.05055634e-001
  4.94831987e-001 4.84535473e-001 4.74168262e-001 4.63732520e-001
  4.53230407e-001 4.42664079e-001 4.32035684e-001 4.21347362e-001
  4.10601242e-001 3.99799443e-001 3.88944072e-001 3.78037222e-001
  3.67080972e-001 4.08296849e-033 3.22966345e-076 4.08071154e-033
  1.58901310e-047 2.57719663e-057 3.92069937e+179 2.62902869e+179
  2.95320464e+179 3.11214906e+179 4.08784766e+179 2.62396339e+179
  3.11531735e+179 2.95195319e+179 5.05232534e-038 2.42423378e-052
  1.79617007e-052 6.23012913e-038 4.75729936e-038 4.08521958e-033
  1.04120252e-042 1.65881775e-076 5.40125037e-062 1.42694108e-071
  1.17820294e-047 6.37835735e-067 9.96179670e-043 1.65716236e-047
  7.71971916e-043 1.42760436e-071 1.26931833e-076 5.64010397e-038
  6.75508505e-067 4.27706026e-033 4.67199816e-062 1.36944865e-071
  3.06248243e-057 7.72323588e-043 3.70004832e-033 4.47267138e-033
  1.79495769e-052 9.94968858e-043 6.23240260e-038 1.75801441e-066
  1.83399629e-071 5.34631634e-038 1.38267674e-047 5.04890808e-038
  1.89812620e-052 9.72384325e-072 1.51764918e-047 2.57770936e-057
  3.21493154e-057 1.12913396e-042 1.51765022e-047 3.61538443e-043
  5.51663883e-048 3.63040369e-043 1.97137480e-062 3.63040369e-043]]
line:  [1.         0.99487994 0.99100863 0.98816065 0.986142   0.98478542
 0.98394683 0.98350231 0.98334576 0.98338681 0.98354914 0.98376889
 0.98399336 0.9841797  0.98429383 0.98430938 0.9842067  0.98397198
 0.98359639 0.98307534 0.98240778 0.98159553 0.98064272 0.97955528
 0.97834049 0.97700654 0.97556224 0.97401667 0.97237897 0.9706581
 0.96886269 0.96700089 0.96508028 0.96310777 0.96108956 0.95903111
 0.95693711 0.95481149 0.9526574  0.95047727 0.94827279 0.94604502
 0.94379431 0.94152046 0.93922269 0.93689972 0.93454978 0.93217071
 0.92975995 0.92731462 0.92483156 0.92230737 0.91973842 0.91712095
 0.91445104 0.91172471 0.9089379  0.90608651 0.90316646 0.90017368
 0.89710417 0.89395397 0.89071924 0.88739622 0.8839813  0.880471
 0.876862   0.87315114 0.86933542 0.86541205 0.86137841 0.85723207
 0.85297082 0.84859262 0.84409567 0.83947833 0.83473921 0.8298771
 0.82489097 0.81978003 0.81454366 0.80918143 0.8036931  0.79807863
 0.79233812 0.78647187 0.78048034 0.77436414 0.76812403 0.76176092
 0.75527586 0.74867004 0.74194475 0.73510141 0.72814157 0.72106684
 0.71387896 0.70657974 0.6991711  0.691655   0.6840335  0.67630869
 0.66848275 0.66055789 0.65253637 0.64442049 0.63621259 0.62791502
 0.61953017 0.61106046 0.60250828 0.59387609 0.5851663  0.57638135
 0.56752368 0.55859573 0.5495999  0.5405386  0.53141424 0.52222919
 0.51298581 0.50368643 0.49433337 0.48492891 0.4754753  0.46597479
 0.45642957 0.4468418  0.43721362 0.42754713 0.41784438 0.40810741
 0.39833821 0.38853874 0.37871089 0.36885657 0.35897759 0.34907577
 0.33915287 0.3292106  0.31925065]
Test mu and st dev:  0.06330086599786079
test mu and sigma
Q2:  0.0
C:/Desktop/pythonProjects/Comments-On-GrimolinRussel22/run_alternative_data/plot_alt_data.py:113: RuntimeWarning: divide by zero encountered in double_scalars
  (1 / x_sigma2) * (z ** 2) + (1 / y_sigma2)
C:/Desktop/pythonProjects/Comments-On-GrimolinRussel22/run_alternative_data/plot_alt_data.py:115: RuntimeWarning: divide by zero encountered in double_scalars
  b = (x_mean / x_sigma2) * z + (y_mean / y_sigma2)
C:/Desktop/pythonProjects/Comments-On-GrimolinRussel22/run_alternative_data/plot_alt_data.py:116: RuntimeWarning: divide by zero encountered in double_scalars
  c = (x_mean ** 2) / x_sigma2 + (y_mean ** 2) / y_sigma2
C:/Desktop/pythonProjects/Comments-On-GrimolinRussel22/run_alternative_data/plot_alt_data.py:119: RuntimeWarning: invalid value encountered in double_scalars
  b ** 2 - (c * (a ** 2))
C:/Desktop/pythonProjects/Comments-On-GrimolinRussel22/run_alternative_data/plot_alt_data.py:122: RuntimeWarning: divide by zero encountered in double_scalars
  pdf = (b * d) / (a ** 3) * (1 / (np.sqrt(2 * np.pi) * x_sigma * y_sigma)) * \
C:/Desktop/pythonProjects/Comments-On-GrimolinRussel22/run_alternative_data/plot_alt_data.py:123: RuntimeWarning: invalid value encountered in double_scalars
  (norm.cdf(b / a) - norm.cdf(-b / a)) + (1 / ((a ** 2) * np.pi * x_sigma * y_sigma)) * np.exp(-c / 2)
C:/Desktop/pythonProjects/Comments-On-GrimolinRussel22/run_alternative_data/plot_alt_data.py:115: RuntimeWarning: invalid value encountered in double_scalars
  b = (x_mean / x_sigma2) * z + (y_mean / y_sigma2)
C:/Desktop/pythonProjects/Comments-On-GrimolinRussel22/run_alternative_data/plot_alt_data.py:132: IntegrationWarning: The occurrence of roundoff error is detected, which prevents 
  the requested tolerance from being achieved.  The error may be 
  underestimated.
  mu = scipy.integrate.quad(mu_integrand, -np.inf, np.inf)[0]
C:/Desktop/pythonProjects/Comments-On-GrimolinRussel22/run_alternative_data/plot_alt_data.py:136: IntegrationWarning: The occurrence of roundoff error is detected, which prevents 
  the requested tolerance from being achieved.  The error may be 
  underestimated.
  sigma_sq = scipy.integrate.quad(sigma_integrand, -np.inf, np.inf)[0]
Q2:  0.01
Q2:  0.02
Q2:  0.03
Q2:  0.04
Q2:  0.05
Q2:  0.06
Q2:  0.07
Q2:  0.08
Q2:  0.09
Q2:  0.1
Q2:  0.11
Q2:  0.12
Q2:  0.13
Q2:  0.14
Q2:  0.15
Q2:  0.16
Q2:  0.17
Q2:  0.18
Q2:  0.19
Q2:  0.2
Q2:  0.21
Q2:  0.22
Q2:  0.23
Q2:  0.24
Q2:  0.25
Q2:  0.26
Q2:  0.27
Q2:  0.28
Q2:  0.29
Q2:  0.3
Q2:  0.31
Q2:  0.32
Q2:  0.33
Q2:  0.34
Q2:  0.35000000000000003
Q2:  0.36
Q2:  0.37
Q2:  0.38
Q2:  0.39
Q2:  0.4
Q2:  0.41000000000000003
Q2:  0.42
Q2:  0.43
Q2:  0.44
Q2:  0.45
Q2:  0.46
Q2:  0.47000000000000003
Q2:  0.48
Q2:  0.49
Q2:  0.5
Q2:  0.51
Q2:  0.52
Q2:  0.53
Q2:  0.54
Q2:  0.55
Q2:  0.56
Q2:  0.5700000000000001
Q2:  0.58
Q2:  0.59
Q2:  0.6
Q2:  0.61
Q2:  0.62
Q2:  0.63
Q2:  0.64
Q2:  0.65
Q2:  0.66
Q2:  0.67
Q2:  0.68
Q2:  0.6900000000000001
Q2:  0.7000000000000001
Q2:  0.71
Q2:  0.72
Q2:  0.73
Q2:  0.74
Q2:  0.75
Q2:  0.76
Q2:  0.77
Q2:  0.78
Q2:  0.79
Q2:  0.8
Q2:  0.81
Q2:  0.8200000000000001
Q2:  0.8300000000000001
Q2:  0.84
Q2:  0.85
Q2:  0.86
Q2:  0.87
Q2:  0.88
Q2:  0.89
Q2:  0.9
Q2:  0.91
Q2:  0.92
Q2:  0.93
Q2:  0.9400000000000001
Q2:  0.9500000000000001
Q2:  0.96
Q2:  0.97
Q2:  0.98
Q2:  0.99
Q2:  1.0
Q2:  1.01
Q2:  1.02
Q2:  1.03
Q2:  1.04
Q2:  1.05
Q2:  1.06
Q2:  1.07
Q2:  1.08
Q2:  1.09
Q2:  1.1
Q2:  1.11
Q2:  1.12
Q2:  1.1300000000000001
Q2:  1.1400000000000001
Q2:  1.1500000000000001
Q2:  1.16
Q2:  1.17
Q2:  1.18
Q2:  1.19
Q2:  1.2
Q2:  1.21
Q2:  1.22
Q2:  1.23
Q2:  1.24
Q2:  1.25
Q2:  1.26
Q2:  1.27
Q2:  1.28
Q2:  1.29
Q2:  1.3
Q2:  1.31
Q2:  1.32
Q2:  1.33
Q2:  1.34
Q2:  1.35
Q2:  1.36
Q2:  1.37
Q2:  1.3800000000000001
Q2:  1.3900000000000001
Q2:  1.4

