# E, Spec, Angle, Q2, CS/DipCS, dSCS/DipCS, MinCut, MaxCut, TPE, Sys_Scal, Norm
126.700000 W 113.500000 3.780000e-02 9.455144e-01 1.796225e-02 1 1 1.010400 1 34
122.400000 W 180.000000 4.750000e-02 9.628467e-01 2.022180e-02 1 1 1.011500 1 34
146.900000 W 113.400000 4.950000e-02 9.772492e-01 1.955170e-02 1 1 1.010400 1 34
166.100000 W 111.600000 6.080000e-02 1.015402e+00 2.234205e-02 1 1 1.010400 1 34
150.400000 W 180.000000 6.850000e-02 1.003529e+00 5.920712e-02 1 1 1.011500 1 34
177.300000 W 111.900000 6.850000e-02 9.757838e-01 3.511897e-02 1 1 1.010400 1 34
70.100000 W 180.000000 1.710000e-02 9.425699e-01 4.617928e-02 1 1 1.011500 1 34
135.300000 W 180.000000 5.680000e-02 9.618790e-01 5.387506e-02 1 1 1.011500 1 34
111.000000 W 60.000000 1.160000e-02 9.795847e-01 1.958954e-02 1 1 1.007600 1 34
143.000000 W 60.000000 1.900000e-02 9.625589e-01 1.925118e-02 1 1 1.007600 1 34
159.000000 W 60.000000 2.330000e-02 9.576101e-01 2.106742e-02 1 1 1.007600 1 34
197.000000 W 60.000000 3.510000e-02 9.617414e-01 2.307581e-02 1 1 1.007600 1 34
208.000000 W 60.000000 3.900000e-02 9.660931e-01 1.931341e-02 1 1 1.007600 1 34
85.700000 W 150.000000 2.340000e-02 9.429494e-01 1.885899e-02 1 1 1.011300 1 34
113.000000 W 150.000000 3.890000e-02 9.887280e-01 1.977735e-02 1 1 1.011300 1 34
139.000000 W 104.000000 4.050000e-02 9.756253e-01 2.048936e-02 1 1 1.010100 1 34
230.000000 W 84.000000 7.770000e-02 9.455649e-01 1.891130e-02 1 1 1.009200 1 34
167.000000 W 150.000000 7.810000e-02 9.637509e-01 1.927502e-02 1 1 1.011300 1 34
390.000000 W 45.000000 7.940000e-02 9.774489e-01 2.052841e-02 1 1 1.006300 1 34
249.000000 W 105.000000 1.170000e-01 9.764913e-01 2.050811e-02 1 1 1.010100 1 34
210.000000 W 150.000000 1.161000e-01 9.716645e-01 2.234657e-02 1 1 1.011300 1 34
242.000000 W 150.000000 1.476000e-01 9.275693e-01 2.782262e-02 1 1 1.011300 1 34
545.000000 W 45.000000 1.487000e-01 9.604810e-01 2.305414e-02 1 1 1.006300 1 34
438.000000 W 75.000000 2.113000e-01 9.596146e-01 2.591230e-02 1 1 1.008700 1 34
328.000000 W 120.000000 2.117000e-01 9.936923e-01 2.781761e-02 1 1 1.010600 1 34
311.000000 W 135.000000 2.109000e-01 9.414123e-01 2.636316e-02 1 1 1.011000 1 34
304.000000 W 145.000000 2.116000e-01 9.915483e-01 2.875286e-02 1 1 1.011200 1 34
647.000000 W 60.000000 3.113000e-01 9.645833e-01 2.122122e-02 1 1 1.007600 1 34
416.000000 W 120.000000 3.118000e-01 9.728369e-01 2.917569e-02 1 1 1.010600 1 34
745.000000 W 60.000000 3.973000e-01 9.324233e-01 2.331382e-02 1 1 1.007600 1 34
485.000000 W 120.000000 3.975000e-01 9.565351e-01 3.347488e-02 1 1 1.010600 1 34
149.800000 W 80.000000 3.280000e-02 9.649211e-01 8.784403e-03 1 1 1.009000 1 34
149.800000 W 90.000000 3.870000e-02 9.612393e-01 7.471598e-03 1 1 1.009500 1 34
149.800000 W 100.000000 4.440000e-02 9.575496e-01 7.978246e-03 1 1 1.009900 1 34
149.800000 W 110.000000 4.960000e-02 9.531083e-01 9.158393e-03 1 1 1.010300 1 34
149.800000 W 120.000000 5.430000e-02 9.638566e-01 9.736284e-03 1 1 1.010600 1 34
149.800000 W 130.000000 5.840000e-02 9.660643e-01 8.603376e-03 1 1 1.010900 1 34
180.100000 W 80.000000 4.630000e-02 9.613236e-01 1.319727e-02 1 1 1.009000 1 34
180.100000 W 90.000000 5.440000e-02 9.603569e-01 1.116503e-02 1 1 1.009500 1 34
180.100000 W 95.000000 5.840000e-02 9.575601e-01 1.415277e-02 1 1 1.009700 1 34
180.100000 W 100.000000 6.210000e-02 9.566869e-01 1.239250e-02 1 1 1.009900 1 34
180.100000 W 105.000000 6.580000e-02 9.611169e-01 1.313405e-02 1 1 1.010100 1 34
180.100000 W 110.000000 6.920000e-02 9.420170e-01 1.244459e-02 1 1 1.010300 1 34
180.100000 W 115.000000 7.250000e-02 9.510054e-01 1.279542e-02 1 1 1.010500 1 34
180.100000 W 120.000000 7.560000e-02 9.439440e-01 1.260322e-02 1 1 1.010600 1 34
180.100000 W 130.000000 8.100000e-02 9.515487e-01 1.023141e-02 1 1 1.010900 1 34
180.100000 W 140.000000 8.560000e-02 9.672137e-01 1.528285e-02 1 1 1.011100 1 34
199.600000 W 80.000000 5.600000e-02 9.519118e-01 1.387556e-02 1 1 1.009000 1 34
199.600000 W 90.000000 6.570000e-02 9.601341e-01 1.405257e-02 1 1 1.009500 1 34
199.600000 W 100.000000 7.480000e-02 9.606795e-01 1.254962e-02 1 1 1.009900 1 34
199.600000 W 105.000000 7.910000e-02 9.483392e-01 1.363750e-02 1 1 1.010100 1 34
199.600000 W 110.000000 8.320000e-02 9.435081e-01 1.102194e-02 1 1 1.010300 1 34
199.600000 W 115.000000 8.700000e-02 9.405048e-01 1.183837e-02 1 1 1.010500 1 34
199.600000 W 120.000000 9.060000e-02 9.508923e-01 1.082275e-02 1 1 1.010600 1 34
199.600000 W 130.000000 9.700000e-02 9.459083e-01 6.196331e-03 1 1 1.010900 1 34
199.600000 W 140.000000 1.023000e-01 9.370785e-01 1.044136e-02 1 1 1.011100 1 34
228.900000 W 28.000000 1.190000e-02 9.643435e-01 1.968080e-02 1 1 1.004500 1 34
228.900000 W 40.000000 2.320000e-02 9.714561e-01 1.245329e-02 1 1 1.005800 1 34
228.900000 W 45.000000 2.870000e-02 9.543756e-01 1.181791e-02 1 1 1.006300 1 34
228.900000 W 50.000000 3.440000e-02 9.539818e-01 9.352119e-03 1 1 1.006800 1 34
228.900000 W 55.000000 4.050000e-02 9.343815e-01 1.070929e-02 1 1 1.007200 1 34
228.900000 W 60.000000 4.670000e-02 9.431538e-01 8.420678e-03 1 1 1.007600 1 34
228.900000 W 70.000000 5.940000e-02 9.488739e-01 8.377237e-03 1 1 1.008400 1 34
228.900000 W 75.000000 6.580000e-02 9.495993e-01 8.553839e-03 1 1 1.008700 1 34
228.900000 W 80.000000 7.210000e-02 9.534406e-01 1.144129e-02 1 1 1.009000 1 34
228.900000 W 90.000000 8.420000e-02 9.554720e-01 1.346785e-02 1 1 1.009500 1 34
228.900000 W 110.000000 1.059000e-01 9.462044e-01 1.334848e-02 1 1 1.010300 1 34
228.900000 W 120.000000 1.151000e-01 9.426634e-01 1.232460e-02 1 1 1.010600 1 34
228.900000 W 130.000000 1.229000e-01 9.496137e-01 1.352793e-02 1 1 1.010900 1 34
228.900000 W 140.000000 1.293000e-01 9.644272e-01 1.348710e-02 1 1 1.011100 1 34
249.600000 W 28.000000 1.410000e-02 9.646590e-01 1.891470e-02 1 1 1.004500 1 34
249.600000 W 35.000000 2.150000e-02 9.677655e-01 1.092834e-02 1 1 1.005300 1 34
249.600000 W 40.000000 2.740000e-02 9.713012e-01 1.292053e-02 1 1 1.005800 1 34
249.600000 W 45.000000 3.390000e-02 9.653809e-01 1.076522e-02 1 1 1.006300 1 34
249.600000 W 50.000000 4.070000e-02 9.516625e-01 1.310252e-02 1 1 1.006800 1 34
249.600000 W 55.000000 4.770000e-02 9.503092e-01 1.307549e-02 1 1 1.007200 1 34
249.600000 W 60.000000 5.500000e-02 9.551827e-01 1.160123e-02 1 1 1.007600 1 34
249.600000 W 65.000000 6.240000e-02 9.640506e-01 1.292612e-02 1 1 1.008000 1 34
249.600000 W 70.000000 6.980000e-02 9.493764e-01 1.029158e-02 1 1 1.008400 1 34
249.600000 W 75.000000 7.710000e-02 9.569518e-01 1.401980e-02 1 1 1.008700 1 34
249.600000 W 80.000000 8.440000e-02 9.271052e-01 1.406399e-02 1 1 1.009000 1 34
249.600000 W 90.000000 9.840000e-02 9.419180e-01 1.416821e-02 1 1 1.009500 1 34
249.600000 W 100.000000 1.114000e-01 9.324999e-01 1.595682e-02 1 1 1.009900 1 34
249.600000 W 110.000000 1.232000e-01 9.394864e-01 1.622782e-02 1 1 1.010300 1 34
249.600000 W 120.000000 1.336000e-01 9.274993e-01 1.488237e-02 1 1 1.010600 1 34
249.600000 W 130.000000 1.424000e-01 9.374221e-01 1.297293e-02 1 1 1.010900 1 34
249.600000 W 140.000000 1.497000e-01 9.635385e-01 1.605629e-02 1 1 1.011100 1 34
275.300000 W 35.000000 2.600000e-02 9.682926e-01 1.054129e-02 1 1 1.005300 1 34
275.300000 W 40.000000 3.320000e-02 9.633276e-01 1.073376e-02 1 1 1.005800 1 34
275.300000 W 45.000000 4.090000e-02 9.472297e-01 8.977307e-03 1 1 1.006300 1 34
275.300000 W 55.000000 5.750000e-02 9.475747e-01 9.893196e-03 1 1 1.007200 1 34
275.300000 W 80.000000 1.008000e-01 9.348207e-01 9.539475e-03 1 1 1.009000 1 34
275.300000 W 90.000000 1.172000e-01 9.407159e-01 9.996485e-03 1 1 1.009500 1 34
275.300000 W 100.000000 1.323000e-01 9.285210e-01 9.316431e-03 1 1 1.009900 1 34
275.300000 W 110.000000 1.460000e-01 9.373695e-01 9.077923e-03 1 1 1.010300 1 34
275.300000 W 120.000000 1.579000e-01 9.431720e-01 9.306921e-03 1 1 1.010600 1 34
275.300000 W 130.000000 1.680000e-01 9.513312e-01 8.061238e-03 1 1 1.010900 1 34
275.300000 W 140.000000 1.763000e-01 9.519431e-01 9.419908e-03 1 1 1.011100 1 34
275.300000 W 150.000000 1.828000e-01 9.464034e-01 9.271723e-03 1 1 1.011300 1 34
298.500000 W 28.000000 2.010000e-02 9.669360e-01 1.041957e-02 1 1 1.004500 1 34
298.500000 W 30.000000 2.290000e-02 9.607313e-01 1.022173e-02 1 1 1.004700 1 34
298.500000 W 35.000000 3.050000e-02 9.578696e-01 1.082339e-02 1 1 1.005300 1 34
298.500000 W 40.000000 3.880000e-02 9.551580e-01 9.680699e-03 1 1 1.005800 1 34
298.500000 W 45.000000 4.780000e-02 9.483486e-01 9.755219e-03 1 1 1.006300 1 34
298.500000 W 50.000000 5.720000e-02 9.449074e-01 1.040704e-02 1 1 1.006800 1 34
298.500000 W 55.000000 6.690000e-02 9.396662e-01 9.356476e-03 1 1 1.007200 1 34
298.500000 W 60.000000 7.690000e-02 9.382437e-01 9.939612e-03 1 1 1.007600 1 34
298.500000 W 65.000000 8.690000e-02 9.383690e-01 1.144443e-02 1 1 1.008000 1 34
298.500000 W 70.000000 9.700000e-02 9.364528e-01 8.002634e-03 1 1 1.008400 1 34
1912.000000 W 111.510000 2.640000e+00 1.113471e+00 2.520250e-02 1 1 1.010400 1 34
2262.000000 W 71.480000 2.640000e+00 1.110343e+00 1.921000e-02 1 1 1.008500 1 34
2842.000000 W 47.440000 2.640000e+00 1.090740e+00 1.290773e-02 1 1 1.006600 1 34
3772.000000 W 31.570000 2.640000e+00 1.085310e+00 8.963794e-03 1 1 1.004900 1 34
4702.000000 W 23.820000 2.640000e+00 1.083773e+00 7.555054e-03 1 1 1.003900 1 34
2262.000000 W 105.700000 3.200000e+00 1.111544e+00 2.946592e-02 1 1 1.010200 1 34
2842.000000 W 59.690000 3.200000e+00 1.101158e+00 1.944472e-02 1 1 1.007600 1 34
3772.000000 W 37.370000 3.200000e+00 1.089640e+00 1.188421e-02 1 1 1.005600 1 34
4702.000000 W 27.570000 3.200000e+00 1.096404e+00 8.959493e-03 1 1 1.004400 1 34
2842.000000 W 95.610000 4.100000e+00 1.084247e+00 3.347266e-02 1 1 1.009800 1 34
3772.000000 W 48.880000 4.100000e+00 1.081704e+00 1.945531e-02 1 1 1.006700 1 34
4702.000000 W 34.230000 4.100000e+00 1.086298e+00 1.325737e-02 1 1 1.005200 1 34
2234.800000 W 21.970000 6.182000e-01 9.812831e-01 1.025074e-02 1 1 1.003700 1 34
1147.800000 W 47.970000 6.200000e-01 9.729868e-01 9.247302e-03 1 1 1.006600 1 34
3114.300000 W 15.970000 6.633000e-01 9.937764e-01 1.109332e-02 1 1 1.002800 1 34
1147.800000 W 59.990000 8.172000e-01 1.007697e+00 9.633106e-03 1 1 1.007600 1 34
1881.700000 W 33.950000 8.995000e-01 1.021637e+00 9.888387e-03 1 1 1.005200 1 34
3114.300000 W 19.460000 9.312000e-01 1.007601e+00 1.052085e-02 1 1 1.003300 1 34
2234.800000 W 31.950000 1.111700e+00 1.038900e+00 1.039388e-02 1 1 1.004900 1 34
5494.100000 W 12.990000 1.342800e+00 1.065202e+00 1.332638e-02 1 1 1.002300 1 34
2234.800000 W 42.970000 1.634800e+00 1.082591e+00 1.212998e-02 1 1 1.006100 1 34
3114.300000 W 32.970000 2.035400e+00 1.077514e+00 1.159676e-02 1 1 1.005100 1 34
2234.800000 W 58.970000 2.246600e+00 1.082663e+00 1.645011e-02 1 1 1.007600 1 34
5494.100000 W 17.960000 2.287800e+00 1.055996e+00 1.327625e-02 1 1 1.003100 1 34
3114.300000 W 40.970000 2.620500e+00 1.084791e+00 1.406135e-02 1 1 1.005900 1 34
2234.800000 W 79.970000 2.780200e+00 1.108183e+00 2.444617e-02 1 1 1.009000 1 34
5494.100000 W 20.470000 2.782200e+00 1.073531e+00 1.320893e-02 1 1 1.003500 1 34
3114.300000 W 49.970000 3.168500e+00 1.087138e+00 1.849520e-02 1 1 1.006800 1 34
5494.100000 W 22.970000 3.268200e+00 1.066778e+00 1.330662e-02 1 1 1.003800 1 34
3114.300000 W 61.970000 3.726100e+00 1.080825e+00 2.499183e-02 1 1 1.007800 1 34
5494.100000 W 25.470000 3.738500e+00 1.053973e+00 1.576679e-02 1 1 1.004100 1 34
4103.900000 W 38.970000 3.798100e+00 1.082317e+00 1.771259e-02 1 1 1.005700 1 34
5494.100000 W 27.970000 4.186700e+00 1.069805e+00 1.593341e-02 1 1 1.004500 1 34
3114.300000 W 77.970000 4.233000e+00 1.050198e+00 3.255493e-02 1 1 1.008900 1 34
4103.900000 W 45.960000 4.400400e+00 1.074185e+00 2.875043e-02 1 1 1.006400 1 34
4412.700000 W 44.980000 4.795700e+00 1.047335e+00 2.818482e-02 1 1 1.006300 1 34
5494.100000 W 32.970000 5.003100e+00 1.043249e+00 1.968619e-02 1 1 1.005100 1 34
4412.700000 W 50.990000 5.261200e+00 1.036758e+00 2.952985e-02 1 1 1.006900 1 34
5494.100000 W 35.480000 5.369900e+00 1.050847e+00 2.490101e-02 1 1 1.005400 1 34
2445.000000 W 20.500000 6.499000e-01 1.032757e+00 1.438732e-02 1 1 1.003500 1 34
845.000000 W 78.500000 6.643000e-01 1.020855e+00 1.421984e-02 1 1 1.008900 1 34
3245.000000 W 28.600000 1.807100e+00 1.100897e+00 1.557347e-02 1 1 1.004500 1 34
1645.000000 W 80.000000 1.826300e+00 1.110334e+00 1.930529e-02 1 1 1.009000 1 34
2445.000000 W 32.000000 1.301400e+00 1.055211e+00 1.475393e-02 1 1 1.005000 1 34
3245.000000 W 50.000000 3.365300e+00 1.089952e+00 2.228817e-02 1 1 1.006800 1 34
2445.000000 W 20.000000 6.231000e-01 1.011196e+00 1.113717e-02 1 1 1.003400 1 34
2445.000000 W 30.000000 1.187300e+00 1.079349e+00 1.298363e-02 1 1 1.004700 1 34
4045.000000 W 24.030000 2.064700e+00 1.105102e+00 1.350080e-02 1 1 1.004000 1 34
4054.000000 W 30.000000 2.789200e+00 1.108731e+00 1.868450e-02 1 1 1.004700 1 34
2445.000000 W 70.010000 2.898200e+00 1.112741e+00 2.343539e-02 1 1 1.008400 1 34
4054.000000 W 39.990000 3.823400e+00 1.081342e+00 2.000696e-02 1 1 1.005800 1 34
4045.000000 W 47.990000 4.461600e+00 1.049628e+00 2.743940e-02 1 1 1.006600 1 34
57.300000 W 86.600000 5.800000e-03 9.883150e-01 1.411200e-02 1 1 1.009300 1 34
82.200000 W 85.300000 1.150000e-02 9.992939e-01 1.435908e-02 1 1 1.009300 1 34
82.400000 W 85.400000 1.160000e-02 9.925976e-01 1.167870e-02 1 1 1.009300 1 34
89.700000 W 85.000000 1.350000e-02 9.953480e-01 1.173616e-02 1 1 1.009200 1 34
95.600000 W 84.700000 1.520000e-02 1.007448e+00 1.187449e-02 1 1 1.009200 1 34
96.400000 W 84.600000 1.540000e-02 9.909017e-01 1.169987e-02 1 1 1.009200 1 34
102.200000 W 84.300000 1.710000e-02 9.955582e-01 1.177120e-02 1 1 1.009200 1 34
108.700000 W 84.100000 1.920000e-02 9.885000e-01 1.296967e-02 1 1 1.009200 1 34
90.400000 W 115.900000 2.060000e-02 9.878186e-01 2.134998e-02 1 1 1.010500 1 34
118.600000 W 93.700000 2.640000e-02 9.807964e-01 1.298279e-02 1 1 1.009700 1 34
129.500000 W 93.200000 3.090000e-02 9.880094e-01 1.313115e-02 1 1 1.009600 1 34
149.800000 W 28.000000 5.200000e-03 9.879299e-01 1.946789e-02 1 1 1.004500 1 34
149.800000 W 40.000000 1.010000e-02 9.895689e-01 9.321193e-03 1 1 1.005800 1 34
149.800000 W 45.000000 1.260000e-02 9.683183e-01 9.424414e-03 1 1 1.006300 1 34
149.800000 W 50.000000 1.520000e-02 9.727950e-01 1.107504e-02 1 1 1.006800 1 34
149.800000 W 55.000000 1.790000e-02 9.740715e-01 8.373940e-03 1 1 1.007200 1 34
149.800000 W 60.000000 2.080000e-02 9.801221e-01 8.167684e-03 1 1 1.007600 1 34
149.800000 W 65.000000 2.370000e-02 9.678364e-01 8.122394e-03 1 1 1.008000 1 34
149.800000 W 70.000000 2.670000e-02 9.628011e-01 9.652202e-03 1 1 1.008400 1 34
149.800000 W 75.000000 2.970000e-02 9.524062e-01 1.093495e-02 1 1 1.008700 1 34
180.100000 W 28.000000 7.400000e-03 9.945734e-01 1.903679e-02 1 1 1.004500 1 34
180.100000 W 40.000000 1.450000e-02 9.829067e-01 8.473370e-03 1 1 1.005800 1 34
180.100000 W 45.000000 1.800000e-02 9.695338e-01 8.734034e-03 1 1 1.006300 1 34
180.100000 W 50.000000 2.170000e-02 9.780484e-01 8.242290e-03 1 1 1.006800 1 34
180.100000 W 55.000000 2.560000e-02 9.653347e-01 7.086633e-03 1 1 1.007200 1 34
180.100000 W 60.000000 2.960000e-02 9.710925e-01 6.726711e-03 1 1 1.007600 1 34
180.100000 W 65.000000 3.370000e-02 9.637832e-01 6.967821e-03 1 1 1.008000 1 34
180.100000 W 70.000000 3.790000e-02 9.659160e-01 8.462826e-03 1 1 1.008400 1 34
180.100000 W 75.000000 4.210000e-02 9.634162e-01 9.863508e-03 1 1 1.008700 1 34
199.600000 W 28.000000 9.100000e-03 9.794516e-01 2.065333e-02 1 1 1.004500 1 34
199.600000 W 40.000000 1.780000e-02 9.669093e-01 1.320927e-02 1 1 1.005800 1 34
199.600000 W 45.000000 2.200000e-02 9.696144e-01 1.091965e-02 1 1 1.006300 1 34
199.600000 W 50.000000 2.650000e-02 9.570285e-01 1.377154e-02 1 1 1.006800 1 34
199.600000 W 60.000000 3.600000e-02 9.598442e-01 1.077612e-02 1 1 1.007600 1 34
199.600000 W 70.000000 4.600000e-02 9.517528e-01 1.067701e-02 1 1 1.008400 1 34
228.900000 W 28.000000 1.190000e-02 9.761614e-01 1.968080e-02 1 1 1.004500 1 34
228.900000 W 40.000000 2.320000e-02 9.803538e-01 1.245329e-02 1 1 1.005800 1 34
228.900000 W 45.000000 2.860000e-02 9.629754e-01 1.181443e-02 1 1 1.006300 1 34
228.900000 W 50.000000 3.440000e-02 9.633668e-01 9.352119e-03 1 1 1.006800 1 34
228.900000 W 55.000000 4.050000e-02 9.436753e-01 1.142419e-02 1 1 1.007200 1 34
228.900000 W 60.000000 4.670000e-02 9.526307e-01 9.473658e-03 1 1 1.007600 1 34
228.900000 W 70.000000 5.940000e-02 9.591695e-01 8.377237e-03 1 1 1.008400 1 34
228.900000 W 75.000000 6.580000e-02 9.610541e-01 8.553839e-03 1 1 1.008700 1 34
249.600000 W 28.000000 1.410000e-02 9.551969e-01 1.891470e-02 1 1 1.004500 1 34
249.600000 W 35.000000 2.150000e-02 9.580514e-01 1.092834e-02 1 1 1.005300 1 34
249.600000 W 40.000000 2.740000e-02 9.605305e-01 1.292053e-02 1 1 1.005800 1 34
249.600000 W 45.000000 3.390000e-02 9.545905e-01 1.076522e-02 1 1 1.006300 1 34
249.600000 W 50.000000 4.060000e-02 9.416785e-01 1.309888e-02 1 1 1.006800 1 34
249.600000 W 55.000000 4.770000e-02 9.407013e-01 1.307549e-02 1 1 1.007200 1 34
249.600000 W 60.000000 5.500000e-02 9.461545e-01 1.031277e-02 1 1 1.007600 1 34
249.600000 W 65.000000 6.240000e-02 9.548058e-01 1.292612e-02 1 1 1.008000 1 34
249.600000 W 70.000000 6.980000e-02 9.416306e-01 1.029158e-02 1 1 1.008400 1 34
249.600000 W 75.000000 7.710000e-02 9.499102e-01 1.401980e-02 1 1 1.008700 1 34
275.300000 W 28.000000 1.720000e-02 9.825211e-01 1.983713e-02 1 1 1.004500 1 34
275.300000 W 50.000000 4.900000e-02 9.503596e-01 7.872972e-03 1 1 1.006800 1 34
275.300000 W 60.000000 6.610000e-02 9.419740e-01 9.778588e-03 1 1 1.007600 1 34
275.300000 W 70.000000 8.360000e-02 9.473701e-01 9.801624e-03 1 1 1.008400 1 34
149.400000 W 28.000000 5.100000e-03 9.993277e-01 9.704229e-03 1 1 1.004500 1 34
149.400000 W 30.000000 5.900000e-03 9.897156e-01 8.734181e-03 1 1 1.004700 1 34
149.400000 W 35.000000 7.900000e-03 9.986026e-01 8.363910e-03 1 1 1.005300 1 34
199.500000 W 28.000000 9.100000e-03 9.914534e-01 8.759758e-03 1 1 1.004500 1 34
149.400000 W 40.000000 1.010000e-02 9.934814e-01 8.834914e-03 1 1 1.005800 1 34
199.500000 W 30.000000 1.040000e-02 9.928253e-01 8.697055e-03 1 1 1.004700 1 34
149.400000 W 45.000000 1.250000e-02 9.873089e-01 8.249504e-03 1 1 1.006300 1 34
199.500000 W 35.000000 1.390000e-02 9.996044e-01 9.058680e-03 1 1 1.005300 1 34
149.400000 W 50.000000 1.510000e-02 9.915187e-01 8.363982e-03 1 1 1.006800 1 34
199.500000 W 40.000000 1.770000e-02 9.864691e-01 7.920786e-03 1 1 1.005800 1 34
149.400000 W 55.000000 1.780000e-02 9.984775e-01 9.315047e-03 1 1 1.007200 1 34
149.400000 W 60.000000 2.070000e-02 9.858460e-01 8.786535e-03 1 1 1.007600 1 34
199.500000 W 45.000000 2.200000e-02 9.802030e-01 7.963193e-03 1 1 1.006300 1 34
149.400000 W 65.000000 2.360000e-02 9.911226e-01 8.866420e-03 1 1 1.008000 1 34
199.500000 W 50.000000 2.640000e-02 9.851001e-01 8.243096e-03 1 1 1.006800 1 34
149.400000 W 70.000000 2.660000e-02 9.797031e-01 9.235826e-03 1 1 1.008400 1 34
199.500000 W 55.000000 3.110000e-02 9.760372e-01 9.498559e-03 1 1 1.007200 1 34
199.500000 W 60.000000 3.600000e-02 9.865174e-01 1.078787e-02 1 1 1.007600 1 34
149.800000 W 27.960000 5.100000e-03 9.789342e-01 1.418813e-02 1 1 1.004500 1 34
228.700000 W 27.960000 1.190000e-02 9.949455e-01 8.901732e-03 1 1 1.004500 1 34
274.800000 W 27.960000 1.710000e-02 9.965350e-01 8.775285e-03 1 1 1.004500 1 34
301.400000 W 27.960000 2.040000e-02 9.835051e-01 8.199401e-03 1 1 1.004500 1 34
321.300000 W 27.960000 2.320000e-02 9.810076e-01 7.687532e-03 1 1 1.004500 1 34
9750.000000 W 10.000000 2.495000e+00 1.011228e+00 1.852752e-02 1 1 1.001800 1 34
12571.000000 W 10.000000 3.989000e+00 9.636429e-01 1.900987e-02 1 1 1.001800 1 34
15736.000000 W 10.000000 5.996000e+00 9.080797e-01 1.979822e-02 1 1 1.001800 1 34
18482.000000 W 10.000000 7.988000e+00 8.395732e-01 2.370705e-02 1 1 1.001800 1 34
21005.000000 W 10.000000 1.000400e+01 7.842219e-01 3.039265e-02 1 1 1.001800 1 34
4500.000000 W 4.000000 9.800000e-02 9.192004e-01 2.571434e-02 1 1 1.000800 1 34
7001.000000 W 4.000000 2.350000e-01 9.448754e-01 2.650306e-02 1 1 1.000800 1 34
9993.000000 W 4.000000 4.740000e-01 9.527041e-01 2.667521e-02 1 1 1.000800 1 34
13000.000000 W 4.000000 7.970000e-01 9.875132e-01 2.764677e-02 1 1 1.000800 1 34
16000.000000 W 4.000000 1.198000e+00 1.029853e+00 2.885530e-02 1 1 1.000800 1 34
18010.000000 W 4.000000 1.510000e+00 1.047016e+00 2.924484e-02 1 1 1.000800 1 34
20005.000000 W 4.000000 1.853000e+00 1.072282e+00 3.014675e-02 1 1 1.000800 1 34
3820.000000 W 47.500000 4.080000e+00 9.201228e-01 5.719344e-02 1 1 1.006600 1 34
3870.000000 W 47.300000 4.160000e+00 1.025294e+00 6.377063e-02 1 1 1.006600 1 34
3110.000000 W 76.500000 4.200000e+00 1.005426e+00 6.600437e-02 1 1 1.008800 1 34
4340.000000 W 47.600000 4.880000e+00 9.233453e-01 5.820935e-02 1 1 1.006600 1 34
4960.000000 W 47.500000 5.890000e+00 9.712810e-01 6.238066e-02 1 1 1.006600 1 34
5540.000000 W 47.500000 6.850000e+00 8.396519e-01 5.491885e-02 1 1 1.006600 1 34
6130.000000 W 47.600000 7.850000e+00 8.952015e-01 5.970324e-02 1 1 1.006600 1 34
5500.000000 W 20.150000 2.725700e+00 1.151005e+00 4.204381e-02 1 1 1.003400 1 34
6000.000000 W 19.050000 2.920400e+00 1.046414e+00 7.706120e-02 1 1 1.003300 1 34
6000.000000 W 21.670000 3.504500e+00 1.172533e+00 2.977737e-02 1 1 1.003600 1 34
5500.000000 W 26.280000 3.893900e+00 1.125511e+00 4.595942e-02 1 1 1.004200 1 34
6000.000000 W 26.270000 4.477900e+00 1.120476e+00 4.676110e-02 1 1 1.004200 1 34
6000.000000 W 29.280000 5.062000e+00 1.079620e+00 6.152256e-02 1 1 1.004600 1 34
6000.000000 W 33.750000 5.840800e+00 1.092831e+00 9.782089e-02 1 1 1.005200 1 34
936.000000 W 180.000000 1.170000e+00 1.021753e+00 2.415296e-02 1 1 1.011500 1 34
971.900000 W 180.000000 1.230000e+00 1.026467e+00 3.602169e-02 1 1 1.011500 1 34
1019.400000 W 180.000000 1.310000e+00 1.022539e+00 2.502453e-02 1 1 1.011500 1 34
1107.600000 W 180.000000 1.460000e+00 1.048573e+00 2.270941e-02 1 1 1.011500 1 34
5483.000000 W 21.010000 2.862000e+00 1.056008e+00 2.442838e-02 1 1 1.003500 1 34
5483.000000 W 25.010000 3.621000e+00 1.059352e+00 3.105580e-02 1 1 1.004100 1 34
7640.000000 W 21.010000 5.027000e+00 1.019572e+00 2.172989e-02 1 1 1.003500 1 34
6676.000000 W 25.010000 4.991000e+00 1.033274e+00 2.864700e-02 1 1 1.004100 1 34
5507.000000 W 33.010000 5.017000e+00 1.009828e+00 2.792046e-02 1 1 1.005100 1 34
9625.000000 W 21.010000 7.300000e+00 9.012381e-01 2.578182e-02 1 1 1.003500 1 34
11470.000000 W 21.010000 9.629000e+00 8.017228e-01 2.669244e-02 1 1 1.003500 1 34
13210.000000 W 21.010000 1.199000e+01 7.679150e-01 2.758350e-02 1 1 1.003500 1 34
15840.000000 W 21.010000 1.572000e+01 6.798177e-01 3.902246e-02 1 1 1.003500 1 34
18360.000000 W 21.010000 1.947000e+01 5.422345e-01 4.068279e-02 1 1 1.003500 1 34
20790.000000 W 21.010000 2.324000e+01 5.389935e-01 4.793650e-02 1 1 1.003500 1 34
21180.000000 W 25.010000 2.699000e+01 5.136113e-01 6.113345e-02 1 1 1.004100 1 34
21190.000000 W 33.010000 3.120000e+01 5.342949e-01 9.836023e-02 1 1 1.005100 1 34
3996.000000 W 15.440000 9.990000e-01 9.996940e-01 1.820270e-02 1 1 1.002700 1 34
6197.000000 W 12.150000 1.498700e+00 1.060238e+00 1.892681e-02 1 1 1.002200 1 34
6197.000000 W 14.400000 1.998300e+00 1.078091e+00 2.212607e-02 1 1 1.002600 1 34
7909.000000 W 12.590000 2.501100e+00 1.053366e+00 1.679211e-02 1 1 1.002300 1 34
9993.000000 W 12.450000 3.755700e+00 1.041819e+00 2.094102e-02 1 1 1.002200 1 34
10700.000000 W 13.990000 5.075100e+00 9.898460e-01 2.151839e-02 1 1 1.002500 1 34
13330.000000 W 17.590000 9.983900e+00 8.227196e-01 3.267922e-02 1 1 1.003000 1 34
1137.000000 W 90.000000 1.169000e+00 1.056381e+00 2.869230e-02 1 1 1.009500 1 34
1512.000000 W 90.000000 1.750800e+00 1.083849e+00 3.654803e-02 1 1 1.009500 1 34
1699.000000 W 86.000000 2.000600e+00 1.077958e+00 3.321641e-02 1 1 1.009300 1 34
1901.000000 W 86.000000 2.330700e+00 1.132660e+00 4.049235e-02 1 1 1.009300 1 34
2300.000000 W 86.000000 3.000300e+00 1.087092e+00 4.830183e-02 1 1 1.009300 1 34
804.700000 W 86.000000 6.700000e-01 9.431188e-01 2.546643e-02 1 1 1.009300 1 34
1048.000000 W 86.000000 1.002100e+00 1.037496e+00 3.008646e-02 1 1 1.009300 1 34
1162.000000 W 86.000000 1.167300e+00 1.035487e+00 2.603901e-02 1 1 1.009300 1 34
1383.000000 W 86.000000 1.500700e+00 1.062865e+00 3.696421e-02 1 1 1.009300 1 34
1544.000000 W 86.000000 1.752500e+00 1.079929e+00 2.919026e-02 1 1 1.009300 1 34
1699.000000 W 86.000000 2.000600e+00 1.091618e+00 2.972897e-02 1 1 1.009300 1 34
1904.000000 W 86.000000 2.335600e+00 1.071267e+00 3.270160e-02 1 1 1.009300 1 34
2300.000000 W 86.000000 3.000300e+00 1.090311e+00 3.747854e-02 1 1 1.009300 1 34
4098.000000 W 12.000000 6.700000e-01 9.626760e-01 1.829027e-02 1 1 1.002200 1 34
5058.000000 W 12.000000 1.000200e+00 1.051782e+00 2.208918e-02 1 1 1.002200 1 34
5287.000000 W 12.500000 1.169000e+00 1.040280e+00 1.976075e-02 1 1 1.002300 1 34
6273.000000 W 12.000000 1.500500e+00 1.056022e+00 2.112648e-02 1 1 1.002200 1 34
6561.000000 W 12.500000 1.750500e+00 1.013120e+00 2.432046e-02 1 1 1.002300 1 34
6360.000000 W 14.000000 2.000200e+00 1.031607e+00 2.168081e-02 1 1 1.002500 1 34
6502.000000 W 15.000000 2.330600e+00 1.029190e+00 2.678269e-02 1 1 1.002600 1 34
6498.000000 W 17.660000 3.000400e+00 1.020735e+00 2.156239e-02 1 1 1.003100 1 34
448.900000 W 90.000000 2.726000e-01 9.207441e-01 2.255139e-02 1 1 1.009500 1 34
448.900000 W 90.000000 2.726000e-01 9.821271e-01 2.405664e-02 1 1 1.009500 1 34
557.000000 W 90.000000 3.894000e-01 9.630196e-01 2.358793e-02 1 1 1.009500 1 34
718.000000 W 90.000000 5.841000e-01 1.028517e+00 3.851622e-02 1 1 1.009500 1 34
718.000000 W 90.000000 5.841000e-01 1.014480e+00 2.860536e-02 1 1 1.009500 1 34
865.100000 W 90.000000 7.788000e-01 1.008925e+00 3.085791e-02 1 1 1.009500 1 34
1105.100000 W 59.900000 7.671000e-01 1.024192e+00 3.010188e-02 1 1 1.007600 1 34
1107.700000 W 90.000000 1.125300e+00 1.050108e+00 4.634937e-02 1 1 1.009500 1 34
1597.500000 W 80.000000 1.752200e+00 1.151866e+00 5.805334e-02 1 1 1.009000 1 34
660.000000 W 25.250000 7.800000e-02 9.139405e-01 2.758902e-02 1 1 1.004100 1 34
815.000000 W 25.250000 1.172000e-01 9.090564e-01 2.691732e-02 1 1 1.004100 1 34
605.000000 W 35.150000 1.194000e-01 9.071559e-01 2.732423e-02 1 1 1.005300 1 34
1064.000000 W 25.250000 1.952000e-01 9.141686e-01 2.825791e-02 1 1 1.004100 1 34
784.000000 W 35.150000 1.945000e-01 9.099848e-01 2.729726e-02 1 1 1.005300 1 34
1364.000000 W 25.250000 3.122000e-01 9.286170e-01 2.314930e-02 1 1 1.004100 1 34
1537.000000 W 25.250000 3.903000e-01 9.348618e-01 1.881693e-02 1 1 1.004100 1 34
1249.000000 W 31.740000 3.891000e-01 9.076270e-01 1.777321e-02 1 1 1.004900 1 34
1231.000000 W 32.270000 3.892000e-01 9.319076e-01 1.849478e-02 1 1 1.005000 1 34
1142.000000 W 35.150000 3.892000e-01 9.379772e-01 1.910888e-02 1 1 1.005300 1 34
848.000000 W 50.060000 3.890000e-01 9.145207e-01 1.867731e-02 1 1 1.006800 1 34
696.000000 W 64.720000 3.895000e-01 9.344015e-01 1.514593e-02 1 1 1.008000 1 34
556.000000 W 90.270000 3.894000e-01 9.501413e-01 1.855656e-02 1 1 1.009500 1 34
1770.000000 W 25.250000 5.072000e-01 9.548164e-01 1.930634e-02 1 1 1.004100 1 34
1912.000000 W 25.250000 5.847000e-01 9.488768e-01 1.895200e-02 1 1 1.004100 1 34
1629.000000 W 30.240000 5.842000e-01 9.794069e-01 1.915041e-02 1 1 1.004700 1 34
1540.000000 W 32.270000 5.844000e-01 9.582247e-01 1.857029e-02 1 1 1.005000 1 34
1522.000000 W 32.700000 5.841000e-01 9.448787e-01 1.895163e-02 1 1 1.005000 1 34
1431.000000 W 35.150000 5.843000e-01 9.681187e-01 1.932803e-02 1 1 1.005300 1 34
1171.000000 W 44.480000 5.788000e-01 9.336329e-01 1.857883e-02 1 1 1.006300 1 34
1072.000000 W 50.060000 5.840000e-01 9.400344e-01 1.893354e-02 1 1 1.006800 1 34
1042.000000 W 51.960000 5.843000e-01 9.686585e-01 1.963513e-02 1 1 1.007000 1 34
892.000000 W 64.170000 5.844000e-01 9.624309e-01 1.919055e-02 1 1 1.008000 1 34
886.000000 W 64.720000 5.837000e-01 9.507305e-01 1.954433e-02 1 1 1.008000 1 34
718.000000 W 90.080000 5.845000e-01 9.644531e-01 2.119576e-02 1 1 1.009500 1 34
717.000000 W 90.270000 5.844000e-01 9.655534e-01 1.915672e-02 1 1 1.009500 1 34
647.000000 W 110.300000 5.846000e-01 9.573073e-01 2.209724e-02 1 1 1.010300 1 34
645.000000 W 110.720000 5.834000e-01 9.733885e-01 1.985791e-02 1 1 1.010300 1 34
1789.000000 W 32.700000 7.790000e-01 9.701849e-01 1.993640e-02 1 1 1.005000 1 34
1683.000000 W 35.150000 7.784000e-01 9.768072e-01 2.909046e-02 1 1 1.005300 1 34
1392.000000 W 44.480000 7.791000e-01 9.887309e-01 1.998555e-02 1 1 1.006300 1 34
1064.000000 W 64.170000 7.791000e-01 9.544991e-01 2.332173e-02 1 1 1.008000 1 34
865.000000 W 90.080000 7.792000e-01 1.003507e+00 2.207904e-02 1 1 1.009500 1 34
784.000000 W 110.130000 7.783000e-01 9.966429e-01 2.143070e-02 1 1 1.010300 1 34
1913.000000 W 35.150000 9.729000e-01 1.005079e+00 2.003418e-02 1 1 1.005300 1 34
1718.000000 W 40.210000 9.737000e-01 1.045271e+00 2.255740e-02 1 1 1.005900 1 34
1224.000000 W 64.170000 9.739000e-01 1.015230e+00 2.340012e-02 1 1 1.008000 1 34
1003.000000 W 90.080000 9.731000e-01 1.027624e+00 2.600002e-02 1 1 1.009500 1 34
915.000000 W 110.130000 9.740000e-01 9.902406e-01 3.420125e-02 1 1 1.010300 1 34
1910.000000 W 40.320000 1.168300e+00 1.063946e+00 4.305467e-02 1 1 1.005900 1 34
1375.000000 W 64.170000 1.167900e+00 1.069034e+00 2.356250e-02 1 1 1.008000 1 34
1135.000000 W 90.080000 1.166700e+00 1.042392e+00 2.727456e-02 1 1 1.009500 1 34
1040.000000 W 110.130000 1.167800e+00 1.081443e+00 5.495432e-02 1 1 1.010300 1 34
1790.000000 W 50.060000 1.363100e+00 1.019758e+00 2.850797e-02 1 1 1.006800 1 34
1512.000000 W 64.720000 1.362100e+00 1.074249e+00 3.848275e-02 1 1 1.008000 1 34
1263.000000 W 90.270000 1.362600e+00 1.064549e+00 3.582890e-02 1 1 1.009500 1 34
1160.000000 W 110.720000 1.362600e+00 1.050496e+00 4.077235e-02 1 1 1.010300 1 34
1661.000000 W 64.170000 1.557600e+00 1.131973e+00 4.246567e-02 1 1 1.008000 1 34
1389.000000 W 90.130000 1.557100e+00 1.057516e+00 4.498079e-02 1 1 1.009500 1 34
1282.000000 W 110.130000 1.557600e+00 1.102889e+00 3.865088e-02 1 1 1.010300 1 34
1789.000000 W 64.720000 1.752700e+00 1.086552e+00 3.448027e-02 1 1 1.008000 1 34
1511.000000 W 90.270000 1.752400e+00 1.140557e+00 4.776387e-02 1 1 1.009500 1 34
1397.000000 W 110.720000 1.752200e+00 1.084860e+00 6.655166e-02 1 1 1.010300 1 34
1632.000000 W 90.130000 1.946100e+00 1.052499e+00 5.759521e-02 1 1 1.009500 1 34
1577.700000 W 20.000000 2.726000e-01 9.091283e-01 1.909312e-02 1 1 1.003400 1 34
1903.500000 W 20.000000 3.894000e-01 9.989650e-01 2.197772e-02 1 1 1.003400 1 34
2361.700000 W 20.000000 5.841000e-01 9.705580e-01 2.524077e-02 1 1 1.003400 1 34
2757.000000 W 20.000000 7.788000e-01 1.005867e+00 2.314337e-02 1 1 1.003400 1 34
3438.900000 W 20.000000 1.168200e+00 1.061894e+00 4.776372e-02 1 1 1.003400 1 34
3438.900000 W 20.000000 1.168200e+00 1.020187e+00 2.958645e-02 1 1 1.003400 1 34
4306.900000 W 20.000000 1.752200e+00 1.057508e+00 4.865995e-02 1 1 1.003400 1 34
4306.900000 W 20.000000 1.752200e+00 1.011478e+00 3.340151e-02 1 1 1.003400 1 34
3996.000000 W 15.440000 9.990000e-01 1.000153e+00 1.395744e-02 1 1 1.002700 1 34
3296.000000 W 19.060000 9.988000e-01 9.898325e-01 1.485242e-02 1 1 1.003300 1 34
2998.000000 W 21.180000 9.987000e-01 1.029698e+00 1.587438e-02 1 1 1.003600 1 34
6197.000000 W 12.150000 1.498700e+00 1.060564e+00 1.572185e-02 1 1 1.002200 1 34
3296.000000 W 24.640000 1.498900e+00 1.052996e+00 1.828300e-02 1 1 1.004000 1 34
2998.000000 W 27.580000 1.498500e+00 1.052694e+00 1.646098e-02 1 1 1.004400 1 34
6197.000000 W 14.400000 1.998300e+00 1.079408e+00 1.822821e-02 1 1 1.002600 1 34
3996.000000 W 23.840000 1.998500e+00 1.044198e+00 1.702082e-02 1 1 1.003900 1 34
3296.000000 W 30.220000 1.998600e+00 1.041740e+00 2.521736e-02 1 1 1.004700 1 34
2998.000000 W 34.140000 1.997700e+00 1.063119e+00 1.858989e-02 1 1 1.005200 1 34
7909.000000 W 12.590000 2.501100e+00 1.038534e+00 1.481045e-02 1 1 1.002300 1 34
5253.000000 W 20.090000 2.504700e+00 1.039540e+00 1.772711e-02 1 1 1.003400 1 34
3802.000000 W 29.960000 2.506100e+00 1.044276e+00 1.909580e-02 1 1 1.004700 1 34
3294.000000 W 36.200000 2.496900e+00 1.050986e+00 2.041361e-02 1 1 1.005400 1 34
7909.000000 W 12.590000 2.501100e+00 1.053815e+00 1.459189e-02 1 1 1.002300 1 34
6197.000000 W 16.550000 2.498300e+00 1.075960e+00 2.186467e-02 1 1 1.002900 1 34
3996.000000 W 28.040000 2.499200e+00 1.063153e+00 1.903820e-02 1 1 1.004500 1 34
3296.000000 W 36.170000 2.496900e+00 1.031839e+00 2.033378e-02 1 1 1.005400 1 34
2998.000000 W 41.400000 2.497700e+00 1.048362e+00 2.071151e-02 1 1 1.006000 1 34
9998.000000 W 12.420000 3.744700e+00 1.050194e+00 1.519658e-02 1 1 1.002200 1 34
7911.000000 W 16.260000 3.743800e+00 1.060760e+00 1.867334e-02 1 1 1.002800 1 34
3996.000000 W 40.030000 3.745200e+00 1.030434e+00 2.354159e-02 1 1 1.005800 1 34
1766.600000 W 75.870000 1.946900e+00 1.058558e+00 3.463579e-02 1 1 1.008700 1 34
2371.600000 W 75.830000 2.920400e+00 1.133077e+00 4.085978e-02 1 1 1.008700 1 34
6128.100000 W 75.780000 9.559400e+00 8.178770e-01 1.190137e-01 1 1 1.008700 1 34
3685.000000 W 10.000000 3.894000e-01 9.611998e-01 1.593583e-02 1 1 1.001800 1 34
5274.000000 W 10.000000 7.788000e-01 9.750969e-01 1.616753e-02 1 1 1.001800 1 34
4433.000000 W 12.000000 7.788000e-01 9.679748e-01 1.605264e-02 1 1 1.002200 1 34
3640.000000 W 14.800000 7.788000e-01 9.883403e-01 1.638600e-02 1 1 1.002600 1 34
5907.000000 W 11.100000 1.168200e+00 1.026412e+00 1.702618e-02 1 1 1.002000 1 34
4436.000000 W 15.100000 1.168200e+00 1.018834e+00 1.689893e-02 1 1 1.002700 1 34
5278.000000 W 14.800000 1.557500e+00 1.031704e+00 1.711602e-02 1 1 1.002600 1 34
5245.000000 W 16.000000 1.752200e+00 1.059768e+00 1.759232e-02 1 1 1.002800 1 34
5888.000000 W 15.000000 1.946900e+00 1.057262e+00 1.755499e-02 1 1 1.002600 1 34
5883.000000 W 19.500000 2.920400e+00 1.102089e+00 3.453472e-02 1 1 1.003300 1 34
5886.000000 W 25.000000 4.088600e+00 1.021209e+00 4.467388e-02 1 1 1.004100 1 34
559.000000 W 45.000000 1.558000e-01 9.942346e-01 3.876257e-02 1 1 1.006300 1 34
368.000000 W 75.000000 1.555000e-01 9.490847e-01 3.795955e-02 1 1 1.008700 1 34
259.000000 W 135.000000 1.557000e-01 8.928738e-01 3.482366e-02 1 1 1.011000 1 34
603.000000 W 45.000000 1.792000e-01 9.425393e-01 3.863673e-02 1 1 1.006300 1 34
474.000000 W 60.000000 1.794000e-01 9.068452e-01 4.081502e-02 1 1 1.007600 1 34
399.000000 W 75.000000 1.794000e-01 9.237012e-01 3.695529e-02 1 1 1.008700 1 34
351.000000 W 90.000000 1.793000e-01 9.145909e-01 4.481174e-02 1 1 1.009500 1 34
297.000000 W 120.000000 1.794000e-01 9.007639e-01 4.503820e-02 1 1 1.010600 1 34
282.000000 W 135.000000 1.794000e-01 9.415100e-01 3.766517e-02 1 1 1.011000 1 34
275.000000 W 145.000000 1.795000e-01 9.106282e-01 3.641432e-02 1 1 1.011200 1 34
690.000000 W 40.590000 1.947000e-01 9.375891e-01 4.592533e-02 1 1 1.005900 1 34
418.000000 W 75.000000 1.947000e-01 1.011780e+00 5.058209e-02 1 1 1.008700 1 34
296.000000 W 135.000000 1.944000e-01 9.819615e-01 4.910342e-02 1 1 1.011000 1 34
690.000000 W 45.520000 2.336000e-01 1.011558e+00 5.056643e-02 1 1 1.006400 1 34
550.000000 W 60.000000 2.339000e-01 9.516349e-01 3.902036e-02 1 1 1.007600 1 34
464.000000 W 75.000000 2.335000e-01 9.307387e-01 4.747774e-02 1 1 1.008700 1 34
331.000000 W 135.000000 2.335000e-01 9.059236e-01 3.624399e-02 1 1 1.011000 1 34
600.000000 W 60.000000 2.728000e-01 9.480631e-01 3.886525e-02 1 1 1.007600 1 34
508.000000 W 75.000000 2.730000e-01 9.461790e-01 3.785732e-02 1 1 1.008700 1 34
434.000000 W 95.000000 2.725000e-01 8.483750e-01 4.241432e-02 1 1 1.009700 1 34
364.000000 W 135.000000 2.721000e-01 8.798408e-01 3.519363e-02 1 1 1.011000 1 34
356.000000 W 145.000000 2.728000e-01 9.199204e-01 4.599093e-02 1 1 1.011200 1 34
624.000000 W 60.000000 2.922000e-01 9.422700e-01 3.863375e-02 1 1 1.007600 1 34
528.000000 W 75.000000 2.916000e-01 9.287156e-01 3.809005e-02 1 1 1.008700 1 34
468.000000 W 90.000000 2.923000e-01 9.176634e-01 4.679860e-02 1 1 1.009500 1 34
399.000000 W 120.000000 2.916000e-01 8.723154e-01 4.362408e-02 1 1 1.010600 1 34
380.000000 W 135.000000 2.915000e-01 9.038875e-01 3.615755e-02 1 1 1.011000 1 34
690.000000 W 55.300000 3.115000e-01 8.882484e-01 4.442035e-02 1 1 1.007300 1 34
647.000000 W 60.000000 3.113000e-01 8.975690e-01 4.486882e-02 1 1 1.007600 1 34
549.000000 W 75.000000 3.116000e-01 9.172281e-01 3.575970e-02 1 1 1.008700 1 34
396.000000 W 135.000000 3.112000e-01 8.963411e-01 3.585364e-02 1 1 1.011000 1 34
387.000000 W 145.000000 3.113000e-01 9.493506e-01 4.746753e-02 1 1 1.011200 1 34
692.000000 W 60.000000 3.498000e-01 9.067654e-01 4.624651e-02 1 1 1.007600 1 34
588.000000 W 75.000000 3.500000e-01 9.241106e-01 3.695604e-02 1 1 1.008700 1 34
427.000000 W 135.000000 3.503000e-01 9.368639e-01 3.747166e-02 1 1 1.011000 1 34
900.000000 W 46.560000 3.894000e-01 9.995646e-01 4.897207e-02 1 1 1.006500 1 34
736.000000 W 60.000000 3.891000e-01 9.482288e-01 3.791678e-02 1 1 1.007600 1 34
627.000000 W 75.000000 3.897000e-01 9.329973e-01 3.824496e-02 1 1 1.008700 1 34
557.000000 W 90.000000 3.894000e-01 9.525432e-01 4.667623e-02 1 1 1.009500 1 34
479.000000 W 120.000000 3.898000e-01 9.179256e-01 4.589628e-02 1 1 1.010600 1 34
457.000000 W 135.000000 3.893000e-01 9.214632e-01 3.685493e-02 1 1 1.011000 1 34
447.000000 W 145.000000 3.894000e-01 9.327553e-01 4.663776e-02 1 1 1.011200 1 34
950.000000 W 46.550000 4.282000e-01 1.006081e+00 5.031451e-02 1 1 1.006500 1 34
664.000000 W 75.000000 4.287000e-01 9.424456e-01 4.617852e-02 1 1 1.008700 1 34
486.000000 W 135.000000 4.280000e-01 9.536051e-01 3.813539e-02 1 1 1.011000 1 34
950.000000 W 49.510000 4.671000e-01 9.840994e-01 5.018550e-02 1 1 1.006800 1 34
900.000000 W 53.040000 4.672000e-01 9.683137e-01 4.841569e-02 1 1 1.007100 1 34
700.000000 W 75.000000 4.677000e-01 9.378682e-01 3.751473e-02 1 1 1.008700 1 34
515.000000 W 135.000000 4.675000e-01 9.491504e-01 4.747097e-02 1 1 1.011000 1 34
504.000000 W 145.000000 4.674000e-01 9.600111e-01 4.800055e-02 1 1 1.011200 1 34
717.000000 W 75.000000 4.865000e-01 9.135106e-01 3.654926e-02 1 1 1.008700 1 34
950.000000 W 52.520000 5.061000e-01 1.007747e+00 4.939042e-02 1 1 1.007000 1 34
735.000000 W 75.000000 5.066000e-01 9.091143e-01 3.727174e-02 1 1 1.008700 1 34
543.000000 W 135.000000 5.064000e-01 9.354954e-01 4.677477e-02 1 1 1.011000 1 34
950.000000 W 55.600000 5.451000e-01 1.041751e+00 5.208183e-02 1 1 1.007300 1 34
900.000000 W 59.800000 5.452000e-01 9.703171e-01 5.044966e-02 1 1 1.007600 1 34
769.000000 W 75.000000 5.453000e-01 9.138687e-01 3.746709e-02 1 1 1.008700 1 34
570.000000 W 135.000000 5.445000e-01 9.513075e-01 4.756538e-02 1 1 1.011000 1 34
559.000000 W 145.000000 5.456000e-01 1.006004e+00 5.027875e-02 1 1 1.011200 1 34
950.000000 W 58.750000 5.840000e-01 1.037033e+00 5.082788e-02 1 1 1.007500 1 34
802.000000 W 75.000000 5.837000e-01 9.183431e-01 4.683228e-02 1 1 1.008700 1 34
597.000000 W 135.000000 5.833000e-01 9.809020e-01 4.904510e-02 1 1 1.011000 1 34
950.000000 W 62.000000 6.230000e-01 9.695976e-01 4.847461e-02 1 1 1.007800 1 34
900.000000 W 67.000000 6.229000e-01 9.719788e-01 4.956431e-02 1 1 1.008200 1 34
835.000000 W 75.000000 6.228000e-01 9.094294e-01 4.365527e-02 1 1 1.008700 1 34
802.000000 W 80.000000 6.230000e-01 9.877129e-01 4.938565e-02 1 1 1.009000 1 34
624.000000 W 135.000000 6.226000e-01 9.673991e-01 4.835901e-02 1 1 1.011000 1 34
612.000000 W 145.000000 6.232000e-01 9.789563e-01 4.895385e-02 1 1 1.011200 1 34
950.000000 W 65.360000 6.618000e-01 1.002384e+00 5.011216e-02 1 1 1.008000 1 34
867.000000 W 75.000000 6.613000e-01 9.618638e-01 4.712684e-02 1 1 1.008700 1 34
651.000000 W 135.000000 6.624000e-01 1.046318e+00 5.232234e-02 1 1 1.011000 1 34
883.000000 W 75.000000 6.809000e-01 1.002757e+00 4.111325e-02 1 1 1.008700 1 34
950.000000 W 68.890000 7.009000e-01 1.048150e+00 5.135710e-02 1 1 1.008300 1 34
899.000000 W 75.000000 7.005000e-01 1.006230e+00 5.031149e-02 1 1 1.008700 1 34
864.000000 W 80.000000 7.006000e-01 9.616441e-01 4.615039e-02 1 1 1.009000 1 34
677.000000 W 135.000000 7.012000e-01 9.691791e-01 4.847410e-02 1 1 1.011000 1 34
664.000000 W 145.000000 7.013000e-01 9.798379e-01 4.900022e-02 1 1 1.011200 1 34
950.000000 W 72.580000 7.398000e-01 1.021986e+00 5.211437e-02 1 1 1.008500 1 34
930.000000 W 75.000000 7.391000e-01 1.094916e+00 6.677812e-02 1 1 1.008700 1 34
703.000000 W 135.000000 7.404000e-01 1.034969e+00 5.174845e-02 1 1 1.011000 1 34
961.000000 W 75.000000 7.782000e-01 1.069168e+00 5.344293e-02 1 1 1.008700 1 34
950.000000 W 76.470000 7.787000e-01 1.093622e+00 5.250425e-02 1 1 1.008800 1 34
925.000000 W 80.000000 7.792000e-01 9.285095e-01 4.083706e-02 1 1 1.009000 1 34
900.000000 W 83.800000 7.787000e-01 9.240600e-01 4.620300e-02 1 1 1.009200 1 34
728.000000 W 135.000000 7.784000e-01 1.166787e+00 5.833935e-02 1 1 1.011000 1 34
715.000000 W 145.000000 7.795000e-01 1.007357e+00 5.037352e-02 1 1 1.011200 1 34
1022.000000 W 75.000000 8.567000e-01 1.149691e+00 5.632909e-02 1 1 1.008700 1 34
950.000000 W 85.050000 8.567000e-01 1.000767e+00 6.004603e-02 1 1 1.009200 1 34
779.000000 W 135.000000 8.571000e-01 1.194752e+00 5.973075e-02 1 1 1.011000 1 34
764.000000 W 145.000000 8.559000e-01 1.147789e+00 5.738945e-02 1 1 1.011200 1 34
862.000000 W 145.000000 1.012000e+00 1.086496e+00 5.866812e-02 1 1 1.011200 1 34
910.000000 W 145.000000 1.089900e+00 1.047506e+00 7.334887e-02 1 1 1.011200 1 34
958.000000 W 145.000000 1.168600e+00 1.020076e+00 8.168226e-02 1 1 1.011200 1 34
1594.000000 W 45.220000 1.000000e+00 1.022290e+00 8.111162e-03 1 1 1.006400 1 34
2403.000000 W 27.280000 1.000000e+00 1.015308e+00 9.229035e-03 1 1 1.004400 1 34
2408.000000 W 46.390000 2.003000e+00 1.065743e+00 1.194677e-02 1 1 1.006500 1 34
2800.000000 W 37.470000 2.003000e+00 1.076989e+00 9.544230e-03 1 1 1.005600 1 34
3250.000000 W 30.810000 2.003000e+00 1.080038e+00 7.546032e-03 1 1 1.004800 1 34
4003.000000 W 23.820000 2.003000e+00 1.068809e+00 1.047729e-02 1 1 1.003900 1 34
2796.000000 W 45.950000 2.497000e+00 1.074117e+00 1.360318e-02 1 1 1.006400 1 34
3241.000000 W 37.020000 2.497000e+00 1.079367e+00 1.153363e-02 1 1 1.005500 1 34
3766.000000 W 30.250000 2.497000e+00 1.067689e+00 8.386753e-03 1 1 1.004700 1 34
4242.000000 W 25.990000 2.497000e+00 1.068125e+00 1.065592e-02 1 1 1.004200 1 34
3251.000000 W 43.980000 3.007000e+00 1.063891e+00 1.520251e-02 1 1 1.006200 1 34
4008.000000 W 32.420000 3.007000e+00 1.069231e+00 1.159139e-02 1 1 1.005000 1 34
1511.000000 W 90.070000 1.750000e+00 1.148411e+00 1.771470e-02 1 1 1.009500 1 34
1968.000000 W 89.950000 2.500000e+00 1.158536e+00 2.466550e-02 1 1 1.009500 1 34
2407.000000 W 90.000000 3.250000e+00 1.144791e+00 3.094656e-02 1 1 1.009500 1 34
2837.000000 W 90.000000 4.000000e+00 1.124036e+00 3.557384e-02 1 1 1.009500 1 34
3400.000000 W 89.980000 5.000000e+00 1.081174e+00 3.979840e-02 1 1 1.009500 1 34
3956.000000 W 89.980000 6.000000e+00 1.036685e+00 4.346472e-02 1 1 1.009500 1 34
4507.000000 W 89.990000 7.000000e+00 9.930966e-01 4.890422e-02 1 1 1.009500 1 34
5507.000000 W 90.020000 8.830000e+00 8.987966e-01 5.669723e-02 1 1 1.009500 1 34
1511.000000 W 90.070000 1.750000e+00 1.092277e+00 1.678140e-02 1 1 1.009500 1 34
2407.000000 W 41.110000 1.750000e+00 1.081081e+00 1.107185e-02 1 1 1.006000 1 34
5507.000000 W 15.140000 1.750000e+00 1.058842e+00 1.107229e-02 1 1 1.002700 1 34
1968.000000 W 89.950000 2.500000e+00 1.107556e+00 2.480089e-02 1 1 1.009500 1 34
2407.000000 W 58.880000 2.500000e+00 1.085651e+00 1.881364e-02 1 1 1.007600 1 34
2837.000000 W 44.990000 2.500000e+00 1.072200e+00 1.606717e-02 1 1 1.006300 1 34
3400.000000 W 34.690000 2.500000e+00 1.073265e+00 1.201840e-02 1 1 1.005300 1 34
3950.000000 W 28.410000 2.500000e+00 1.069531e+00 1.199056e-02 1 1 1.004500 1 34
5507.000000 W 18.980000 2.500000e+00 1.055415e+00 1.161324e-02 1 1 1.003200 1 34
2837.000000 W 61.200000 3.250000e+00 1.079712e+00 2.444651e-02 1 1 1.007700 1 34
3400.000000 W 44.480000 3.250000e+00 1.077669e+00 1.814461e-02 1 1 1.006300 1 34
3956.000000 W 35.380000 3.250000e+00 1.074719e+00 1.577356e-02 1 1 1.005300 1 34
5507.000000 W 22.800000 3.250000e+00 1.056560e+00 1.135412e-02 1 1 1.003800 1 34
3400.000000 W 57.570000 4.000000e+00 1.064924e+00 2.748981e-02 1 1 1.007500 1 34
3956.000000 W 43.710000 4.000000e+00 1.056044e+00 2.198168e-02 1 1 1.006200 1 34
4507.000000 W 35.590000 4.000000e+00 1.065751e+00 1.977581e-02 1 1 1.005400 1 34
5507.000000 W 26.820000 4.000000e+00 1.031525e+00 1.464534e-02 1 1 1.004300 1 34
9800.000000 W 13.250000 4.000000e+00 1.049023e+00 1.281810e-02 1 1 1.002400 1 34
3956.000000 W 59.290000 5.000000e+00 1.072873e+00 3.580444e-02 1 1 1.007600 1 34
4507.000000 W 45.660000 5.000000e+00 1.025004e+00 2.595599e-02 1 1 1.006400 1 34
5507.000000 W 32.830000 5.000000e+00 1.017801e+00 1.849328e-02 1 1 1.005100 1 34
9800.000000 W 15.370000 5.000000e+00 1.014609e+00 1.456098e-02 1 1 1.002700 1 34
9800.000000 W 17.520000 6.000000e+00 9.724673e-01 1.582912e-02 1 1 1.003000 1 34
9800.000000 W 19.750000 7.000000e+00 9.826833e-01 2.508753e-02 1 1 1.003400 1 34
