RUN:  RUN 1: OG DATA 
Cross-validation without regularization: [N, chi^2_train, chi^2_test]
 [[   1 4934 5114]
 [   2 1949 2029]
 [   3 1876 2358]
 [   4 1854 2255]
 [   5 1574 1682]
 [   6 1566 1703]
 [   7 1557 1912]
 [   8 1544 2059]]

Value of N, n, at which chi^2_test was minimized:  5

searched lambdas = [0.01, 0.02, 0.03, 0.04, 0.05, 0.06, 0.07, 0.08, 0.09, 0.1, 0.2, 0.3, 0.4, 0.5, 0.6]
Optimized regularization parameters: (for orders [5 6 7 8]) [0.02, 0.07, 0.2, 0.4]

Cross-validation with optimized regularization: [N, lambda, chi^2_train, chi^2_test]
 [[5.000e+00 2.000e-02 1.574e+03 1.657e+03]
 [6.000e+00 7.000e-02 1.571e+03 1.664e+03]
 [7.000e+00 2.000e-01 1.570e+03 1.672e+03]
 [8.000e+00 4.000e-01 1.569e+03 1.679e+03]]

Table II: [N, lambda, L, chi^2, b^2_1, r_E]
 [[5.00000000e+00 2.00000000e-02 1.58408754e+03 1.57564146e+03
  1.14870932e+01 8.88747204e-01]
 [6.00000000e+00 7.00000000e-02 1.57994098e+03 1.57314026e+03
  1.14218774e+01 8.86601681e-01]
 [7.00000000e+00 2.00000000e-01 1.57894223e+03 1.57171601e+03
  1.13655225e+01 8.84743478e-01]
 [8.00000000e+00 4.00000000e-01 1.57777011e+03 1.57079673e+03
  1.13245291e+01 8.83389340e-01]]



RUN:  RUN 2: Rebinned+PRad 
Cross-validation without regularization: [N, chi^2_train, chi^2_test]
 [[   1 2743 2019]
 [   2  995  688]
 [   3  963  910]
 [   4  913 1097]
 [   5  851 1213]
 [   6  824  644]
 [   7  823  748]
 [   8  807  907]
 [   9  807  907]]

Value of N, n, at which chi^2_test was minimized:  6

searched lambdas = [0.09, 0.10, 0.11, 0.20, 0.21,0.22,0.23,0.24,0.25,0.26,0.27,0.28,0.29, 0.30, 0.31, 0.32, 0.33, 0.34, 0.35, 0.36, 0.37, 0.42, 0.43, 0.44, 0.45, 0.46, 0.47, 0.45, 0.49, 0.5, 0.51, 0.52, 0.53, 0.54, 0.55, 0.56, 0.57]
Optimized regularization parameters: (for orders [ 6  7  8  9])   [0.1, 0.24, 0.49, 0.49])

Cross-validation with optimized regularization: [N, lambda, chi^2_train, chi^2_test]
 [[6.00e+00 1.00e-01 8.49e+02 5.71e+02]
 [7.00e+00 2.40e-01 8.48e+02 5.73e+02]
 [8.00e+00 4.90e-01 8.46e+02 5.74e+02]
 [9.00e+00 4.90e-01 8.46e+02 5.74e+02]]

Table II: [N, lambda, L, chi^2, b^2_1, r_E]
 [[6.00000000e+00 1.00000000e-01 6.28851460e+02 6.24284574e+02
  1.00787406e+01 8.41197998e-01]
 [7.00000000e+00 2.40000000e-01 6.27153636e+02 6.22871869e+02
  1.00733283e+01 8.41010081e-01]
 [8.00000000e+00 4.90000000e-01 6.26145224e+02 6.21716388e+02
  1.00646004e+01 8.40706957e-01]
 [9.00000000e+00 4.90000000e-01 6.26145224e+02 6.21716388e+02
  1.00646004e+01 8.40706957e-01]]



RUN:  RUN 3: Rebinned 
Cross-validation without regularization: [N, chi^2_train, chi^2_test]
 [[   1 1933 2019]
 [   2  642  688]
 [   3  616  903]
 [   4  580 1105]
 [   5  509  573]
 [   6  506  591]
 [   7  505  672]
 [   8  499  826]]

Value of N, n, at which chi^2_test was minimized:  5

Optimized regularization parameters: (for orders [ 5  6  7  8  9]) [0.005, 0.028, 0.07, 0.117]

searched lambdas = [0.004, 0.005, 0.006, 0.007, 0.008, 0.009, 0.01, 0.02, 0.028, 0.03,0.032,  0.04, 0.05, 0.06, 0.07, 0.08, 0.09, 0.10,0.11, 0.115, 0.116, 0.117, 0.118, 0.119,0.12,0.121, 0.122, 0.123, 0.124, 0.13]
Cross-validation with optimized regularization: [N, lambda, chi^2_train, chi^2_test]
 [[5.00e+00 5.00e-03 5.09e+02 5.51e+02]
 [6.00e+00 2.80e-02 5.08e+02 5.57e+02]
 [7.00e+00 7.00e-02 5.08e+02 5.63e+02]
 [8.00e+00 1.17e-01 5.07e+02 5.69e+02]]

Table II: [N, lambda, L, chi^2, b^2_1, r_E]
 [[5.00000000e+00 5.00000000e-03 5.12084335e+02 5.10261305e+02
  1.09015319e+01 8.69293257e-01]
 [6.00000000e+00 2.80000000e-02 5.11692980e+02 5.09452322e+02
  1.08447645e+01 8.67384090e-01]
 [7.00000000e+00 7.00000000e-02 5.11007653e+02 5.08914341e+02
  1.08046254e+01 8.66031616e-01]
 [8.00000000e+00 1.17000000e-01 5.10267409e+02 5.08561068e+02
  1.07750895e+01 8.65035062e-01]]



RUN:  RUN 4: OG+PRad 
Cross-validation without regularization: [N, chi^2_train, chi^2_test]
 [[   1 6807 5114]
 [   2 2771 2030]
 [   3 2704 2383]
 [   4 2672 2290]
 [   5 2393 2545]
 [   6 2308 1798]
 [   7 2304 2056]
 [   8 2257 2431]
 [   9 2257 2420]]

Value of N, n, at which chi^2_test was minimized:  6

searched lambdas = [0.16,0.17, 0.18,0.19, 0.20, 0.21, 0.22, 0.23,0.24, 0.55, 0.56, 0.57, 0.58, 0.59, 0.60,0.61, 0.62, 0.63, 0.64, 0.84, 0.85, 0.86, 0.87, 0.88, 0.89, 0.90, 0.91, 0.92, 0.93, 0.94, 0.95, 0.96, 0.97, 0.98, 0.99, 1.00, 1.01, 1.02, 1.03, 1.04, 1.05, 1.06, 1.07, 1.08, 1.09, 1.1, 1.2, 1.3, 1.4, 1.6, 1.8, 2]
Optimized regularization parameters: (for orders [ 6  7  8  9]) [0.22, 0.58, 1.2, 1.2]

Cross-validation with optimized regularization: [N, lambda, chi^2_train, chi^2_test]
 [[6.000e+00 2.200e-01 2.389e+03 1.703e+03]
 [7.000e+00 5.800e-01 2.383e+03 1.703e+03]
 [8.000e+00 1.200e+00 2.378e+03 1.704e+03]
 [9.000e+00 1.200e+00 2.378e+03 1.704e+03]]

Table II: [N, lambda, L, chi^2, b^2_1, r_E]
 [[6.00000000e+00 2.20000000e-01 1.77392757e+03 1.76046024e+03
  1.06538982e+01 8.60933939e-01]
 [7.00000000e+00 5.80000000e-01 1.76980004e+03 1.75624627e+03
  1.06400458e+01 8.60463928e-01]
 [8.00000000e+00 1.20000000e+00 1.76676692e+03 1.75276528e+03
  1.06254246e+01 8.59967553e-01]
 [9.00000000e+00 1.20000000e+00 1.76676692e+03 1.75276528e+03
  1.06254246e+01 8.59967553e-01]]
