Cross-validation without regularization: 
[[      1       5     103]
 [      2       5 3297012]
 [      3       5  187482]
 [      4       5      -1]
 [      5       4      -1]
 [      6       4      -1]
 [      7       4      -1]
 [      8       4      -1]]Value of N, n, at which chi^2_test was minimized: 
4Optimized regularization parameters: 
[4 5 6 7 8][0, 0, 0, 0, 0]Cross-validation with optimized regularization: 
[[ 4.  0.  5. -1.]
 [ 5.  0.  4. -1.]
 [ 6.  0.  4. -1.]
 [ 7.  0.  4. -1.]
 [ 8.  0.  4. -1.]]Table II: 
[[ 4.          0.         85.52489323 85.52489323  8.42879693  0.78182221]
 [ 5.          0.         76.95648845 76.95648845 17.11767591  1.05770341]
 [ 6.          0.         74.03192588 74.03192588 15.22942698  1.00421598]
 [ 7.          0.         72.38479633 72.38479633  0.4898001   0.38412723]
 [ 8.          0.         72.7926134  72.7926134   9.34462243  0.81531374]]