Cross-validation without regularization: 
[[      1       5     103]
 [      2       5 3297012]
 [      3       5  187482]]

 Value of N, n, at which chi^2_test was minimized: 1

 lambdas = [0, 0.001, 0.002, 0.003, 0.004, 0.005, 0.006, 0.007, 0.008, 0.009, 0.01, 0.02, 0.03, 0.04, 0.05, 0.06, 0.07, 0.08, 0.09, 0.1, 0.11,0.12,0.13,0.14,0.15,0.2, 0.3, 0.4, 0.5, 0.6,0.7,0.8,0.9]
Optimized regularization parameters:[1 2 3][0.002, 0.01, 0.4]

Cross-validation with optimized regularization:
[[1.0e+00 2.0e-03 5.0e+00 9.0e+01]
 [2.0e+00 1.0e-02 5.0e+00 9.1e+01]
 [3.0e+00 4.0e-01 5.0e+00 9.6e+01]]

 Table II:
[[1.00000000e+00 2.00000000e-03 8.84442163e+01 8.84421211e+01
  9.74774879e+00 8.29627546e-01]
 [2.00000000e+00 1.00000000e-02 8.84376929e+01 8.84278940e+01
  9.73646695e+00 8.29230323e-01]
 [3.00000000e+00 4.00000000e-01 8.84714138e+01 8.84422606e+01
  9.75287133e+00 8.29807844e-01]]