"C:\Users\Michael Chen\Downloads\radius-master\venv\Scripts\python.exe" C:/Desktop/pythonProjects/Comments-On-GrimolinRussel22/run_alternative_data/plot_alt_data.py
C:\Users\Michael Chen\Downloads\radius-master\venv\lib\site-packages\scipy\stats\_morestats.py:1758: UserWarning: Input data for shapiro has range zero. The results may not be accurate.
  warnings.warn("Input data for shapiro has range zero. The results "
number of normal samples out of 200:  193 p's of not-normal samples:  [0.043800193816423416, 0.030396901071071625, 0.024322737008333206, 0.02229151874780655, 0.023907266557216644, 0.029235035181045532, 0.037859413772821426] iterations:  1
200
200
midpoint:  [1.         0.99635519 0.99331915 0.99079573 0.98870834 0.98698872
 0.98558374 0.98440769 0.98344259 0.9826438  0.98197241 0.98139811
 0.98089939 0.98046177 0.98005547 0.97968413 0.97931572 0.97894623
 0.97858184 0.97819036 0.97778607 0.9773543  0.97691383 0.97644983
 0.97596558 0.97544351 0.97491921 0.97439406 0.9738426  0.97328508
 0.97272627 0.97215902 0.97159104 0.97101385 0.97044274 0.96988876
 0.96933796 0.96878988 0.96824065 0.9677134  0.96719278 0.96667414
 0.96619597 0.96570469 0.96521204 0.96472578 0.96428781 0.96385602
 0.96342671 0.96300859 0.96261382 0.96222035 0.96183448 0.96147913
 0.96113304 0.96073984 0.96037782 0.9600186  0.9596501  0.9592468
 0.95884987 0.95848    0.9580944  0.95766796 0.95723488 0.95677725
 0.95629488 0.95583606 0.95525178 0.9546824  0.95409242 0.95348796
 0.95279302 0.95209911 0.95130218 0.95050068 0.94958355 0.94869285
 0.94771929 0.94671332 0.94562607 0.94442819 0.94314828 0.94180525
 0.94037195 0.93889848 0.93736471 0.93574686 0.93405507 0.93226227
 0.93037394 0.92830237 0.92633236 0.92411723 0.92195135 0.91967925
 0.91732716 0.91476765 0.91222005 0.90966598 0.90695835 0.90425433
 0.9013358  0.89823003 0.89511226 0.89194009 0.88863832 0.88516227
 0.88151264 0.87785569 0.87425033 0.87026041 0.8662947  0.86227537
 0.85827618 0.85398708 0.84952379 0.84494949 0.84039063 0.83582948
 0.83109662 0.82633631 0.82145584 0.81648386 0.81140434 0.80628184
 0.80105082 0.79556513 0.79007383 0.7845433  0.77862582 0.77279154
 0.76696144 0.76105125 0.75483728 0.74867049 0.74263427 0.73657147
 0.73035191 0.7240298  0.71746053 0.71078911 0.70388893 0.69712954
 0.69018266 0.6830082  0.67610529 0.66882794 0.66197573 0.65475544
 0.64730224 0.63986278 0.63248133 0.62473026 0.61702818 0.6095073
 0.60176147 0.59391827 0.58625755 0.57851287 0.57042384 0.56238808
 0.55398636 0.54574576 0.53774329 0.52957097 0.52126275 0.51316439
 0.50455952 0.49639077 0.48829514 0.47999618 0.47160137 0.4631298
 0.4546466  0.44613542 0.43752598 0.42888449 0.4198725  0.41072478
 0.40159388 0.3926007  0.38390209 0.37526048 0.3659649  0.35651408
 0.34756763 0.33857525 0.32978355 0.3210255  0.31186427 0.3029962
 0.29387663 0.28465634 0.27516443 0.26575122 0.25623249 0.24663443
 0.23768508 0.22856324]
mu:  [[1.         0.99635348 0.99331242 0.99078725 0.98869868 0.98697685
  0.98556039 0.98439566 0.98343597 0.98264091 0.98197571 0.98141062
  0.98092043 0.98048392 0.98008343 0.97970444 0.97933521 0.97896639
  0.97859078 0.97820297 0.97779915 0.97737682 0.97693463 0.97647218
  0.97598985 0.97548865 0.97497009 0.97443606 0.97388876 0.97333055
  0.97276393 0.97219142 0.97161557 0.97103883 0.97046357 0.96989201
  0.96932621 0.96876804 0.96821915 0.96768097 0.96715472 0.96664134
  0.96614156 0.96565586 0.96518446 0.96472735 0.9642843  0.96385484
  0.96343827 0.9630337  0.96264002 0.96225595 0.96188002 0.96151057
  0.96114583 0.96078383 0.96042252 0.96005968 0.95969301 0.95932011
  0.95893847 0.95854553 0.95813864 0.95771511 0.9572722  0.95680713
  0.95631709 0.95579927 0.95525083 0.95466893 0.95405074 0.95339345
  0.95269427 0.95195041 0.95115914 0.95031776 0.94942361 0.94847408
  0.94746659 0.94639866 0.94526782 0.94407171 0.94280799 0.94147442
  0.94006883 0.93858909 0.93703319 0.93539917 0.93368514 0.93188932
  0.93000998 0.92804547 0.92599425 0.92385484 0.92162583 0.91930592
  0.91689387 0.91438852 0.91178881 0.90909374 0.90630239 0.90341392
  0.90042758 0.89734268 0.89415861 0.89087483 0.88749088 0.88400638
  0.88042098 0.87673445 0.87294659 0.86905729 0.86506647 0.86097415
  0.85678039 0.85248532 0.84808911 0.843592   0.83899429 0.83429631
  0.82949846 0.82460119 0.81960498 0.81451038 0.80931797 0.80402837
  0.79864224 0.7931603  0.78758328 0.78191197 0.77614718 0.77028976
  0.76434059 0.75830058 0.75217068 0.74595184 0.73964506 0.73325137
  0.7267718  0.72020742 0.71355932 0.70682859 0.70001638 0.6931238
  0.68615204 0.67910225 0.67197562 0.66477335 0.65749666 0.65014677
  0.6427249  0.63523231 0.62767023 0.62003992 0.61234265 0.60457967
  0.59675227 0.58886172 0.58090929 0.57289627 0.56482393 0.55669356
  0.54850644 0.54026385 0.53196707 0.52361737 0.51521604 0.50676435
  0.49826355 0.48971493 0.48111973 0.47247922 0.46379464 0.45506723
  0.44629824 0.43748889 0.4286404  0.419754   0.41083088 0.40187225
  0.39287931 0.38385322 0.37479516 0.36570631 0.3565878  0.34744079
  0.33826641 0.32906578 0.31984002 0.31059023 0.3013175  0.29202292
  0.28270754 0.27337244 0.26401865 0.25464721 0.24525915 0.23585549
  0.22643721 0.2170053 ]]
line:  [1.         0.99383375 0.98915081 0.98568922 0.98322733 0.98157689
 0.98057764 0.98009302 0.98000675 0.98021998 0.98064898 0.98122316
 0.98188342 0.98258071 0.98327474 0.98393293 0.98452941 0.98504412
 0.98546209 0.98577269 0.98596904 0.98604741 0.98600677 0.98584828
 0.98557493 0.98519117 0.98470259 0.98411565 0.98343743 0.98267544
 0.98183739 0.9809311  0.97996433 0.97894466 0.97787943 0.97677565
 0.97563994 0.9744785  0.97329704 0.97210081 0.97089455 0.96968247
 0.9684683  0.96725524 0.96604602 0.96484286 0.96364753 0.96246135
 0.96128521 0.9601196  0.95896462 0.95782002 0.95668521 0.95555928
 0.95444104 0.95332906 0.95222162 0.95111684 0.95001259 0.9489066
 0.94779644 0.94667954 0.94555322 0.9444147  0.94326112 0.94208957
 0.94089706 0.9396806  0.93843717 0.93716372 0.93585724 0.9345147
 0.93313313 0.93170956 0.9302411  0.92872488 0.92715811 0.92553806
 0.92386206 0.92212754 0.92033199 0.918473   0.91654824 0.91455548
 0.91249259 0.91035753 0.90814835 0.90586323 0.90350043 0.90105832
 0.89853536 0.89593014 0.89324134 0.89046772 0.88760819 0.88466171
 0.88162738 0.87850437 0.87529196 0.87198952 0.86859652 0.86511252
 0.86153715 0.85787015 0.85411133 0.85026059 0.84631791 0.84228332
 0.83815696 0.83393903 0.82962978 0.82522956 0.82073874 0.81615779
 0.81148722 0.8067276  0.80187953 0.7969437  0.79192082 0.78681166
 0.781617   0.77633771 0.77097466 0.76552876 0.76000097 0.75439226
 0.74870365 0.74293617 0.73709087 0.73116883 0.72517117 0.71909899
 0.71295343 0.70673564 0.70044679 0.69408804 0.68766059 0.68116563
 0.67460435 0.66797797 0.66128768 0.65453471 0.64772027 0.64084556
 0.63391181 0.62692023 0.61987203 0.61276841 0.60561058 0.59839972
 0.59113705 0.58382372 0.57646094 0.56904985 0.56159163 0.55408742
 0.54653837 0.5389456  0.53131024 0.52363339 0.51591615 0.5081596
 0.50036483 0.49253289 0.48466483 0.47676169 0.46882448 0.46085422
 0.4528519  0.44481851 0.43675501 0.42866235 0.42054148 0.41239333
 0.4042188  0.3960188  0.3877942  0.37954589 0.37127471 0.36298151
 0.35466711 0.34633234 0.337978   0.32960486 0.32121371 0.3128053
 0.30438038 0.29593969 0.28748394 0.27901384 0.27053008 0.26203336
 0.25352433 0.24500365 0.23647196 0.22792991 0.21937809 0.21081713
 0.20224762 0.19367014]
[0.0, 0.0, 0.0, 0.0, 0.0, 0.0, 0.0, 0.0, 0.0, 0.0, 0.0, 0.0, 0.0, 0.0, 0.0, 0.0, 0.0, 0.0, 0.0, 0.0, 0.0, 0.0, 0.0, 0.0, 0.0, 0.0, 0.0, 0.0, 0.0, 0.0, 0.0, 0.0, 0.0, 0.0, 0.0, 0.0, 0.0, 0.0, 0.0, 0.0, 0.0, 0.0, 0.0, 0.0, 0.0, 0.0, 0.0, 0.0, 0.0, 4.037175e-317, 1.601254911341877e-300, 2.2627081462093097e-284, 1.1405457742441968e-268, 2.051356189707187e-253, 1.3169130535830852e-238, 3.0186981594166875e-224, 2.471741756086441e-210, 7.232640887860297e-197, 7.566690928996447e-184, 2.831721329766452e-171, 3.7928512686784817e-159, 1.8192921124069567e-147, 3.12698690892833e-136, 1.9271586539488572e-125, 4.261598081846902e-115, 3.3837787754987585e-105, 9.654542492996763e-96, 9.90609351629358e-87, 3.658219277147049e-78, 4.8663579124788634e-70, 2.333944652289823e-62, 4.039514384775568e-55, 2.525424804147791e-48, 5.708678565070079e-42, 4.6706395480637197e-36, 1.3845701963467206e-30, 1.4887581991299353e-25, 5.812875191497332e-21, 8.251195685262815e-17, 4.263021395874019e-13, 8.026436256160548e-10, 5.514125721000522e-07, 0.000138400395633174, 0.012707990811031775, 0.4274461630549072, 5.274130676066323, 23.905567567045967, 39.86148449202519, 24.488112823762776, 5.5508490641506025, 0.4649798348285518, 0.014416546288967156, 0.00016570513087050417, 7.072399962108745e-07, 1.12273060443135e-09, 6.640444089804796e-13, 1.4658161925996868e-16, 1.2097169194035088e-20, 3.7392439332079133e-25, 4.336770589118064e-30, 1.8907377079716293e-35]
Integrating the pdf from -inf to +inf:  (1.0000000000134956, 3.43545761974151e-09)
0.010007563658309095
Test mu and st dev:  0.01000756363298881
C:\Users\Michael Chen\Downloads\radius-master\venv\lib\site-packages\scipy\stats\_morestats.py:1758: UserWarning: Input data for shapiro has range zero. The results may not be accurate.
  warnings.warn("Input data for shapiro has range zero. The results "
number of normal samples out of 200:  37 p's of not-normal samples:  [0.027699269354343414, 0.01577186770737171, 0.01059882715344429, 0.006487837992608547, 0.0044324868358671665, 0.0036498410627245903, 0.003481891704723239, 0.0033841971307992935, 0.003311694134026766, 0.0028680283576250076, 0.0024336741771548986, 0.0022120908834040165, 0.001905560726299882, 0.0017774838488548994, 0.0017363447695970535, 0.0015689576976001263, 0.0014985803281888366, 0.001630663755349815, 0.0019611758179962635, 0.0023655476979911327, 0.0027588692028075457, 0.003571342909708619, 0.005065090022981167, 0.008647843264043331, 0.01588538847863674, 0.02640446275472641, 0.03596417233347893, 0.046735987067222595, 0.04992653802037239, 0.04720529168844223, 0.045266084372997284, 0.03891346976161003, 0.030097266659140587, 0.021365143358707428, 0.01744154654443264, 0.017225058749318123, 0.017205283045768738, 0.016616838052868843, 0.020287087187170982, 0.023576769977808, 0.027008788660168648, 0.027795124799013138, 0.027454005554318428, 0.02577570453286171, 0.024756090715527534, 0.022210735827684402, 0.02027684636414051, 0.017306381836533546, 0.014325743541121483, 0.011683085933327675, 0.0096549978479743, 0.007264892105013132, 0.005321450065821409, 0.0038654396776109934, 0.0026931599713861942, 0.00196076394058764, 0.0016272966749966145, 0.0014142171712592244, 0.0013673679204657674, 0.0012931764358654618, 0.001210463116876781, 0.0012118611484766006, 0.0014386308612301946, 0.0019430274842306972, 0.0027341959066689014, 0.003769676899537444, 0.004953327588737011, 0.006221643183380365, 0.0073511297814548016, 0.008228376507759094, 0.00895683839917183, 0.009852414019405842, 0.01070784404873848, 0.011599062010645866, 0.012402527034282684, 0.013514764606952667, 0.01449214480817318, 0.015391023829579353, 0.016488227993249893, 0.017729952931404114, 0.018529823049902916, 0.018878836184740067, 0.019210373982787132, 0.01985965296626091, 0.020492415875196457, 0.020887648686766624, 0.021398723125457764, 0.022160924971103668, 0.023213719949126244, 0.02409493923187256, 0.024898603558540344, 0.025552773848176003, 0.026341527700424194, 0.02740858495235443, 0.02844949997961521, 0.029743796214461327, 0.030707193538546562, 0.03167392313480377, 0.03235054761171341, 0.03217468410730362, 0.031911738216876984, 0.03143156319856644, 0.030877966433763504, 0.02985966205596924, 0.028414536267518997, 0.026880202814936638, 0.02511986345052719, 0.023343199864029884, 0.021459035575389862, 0.01962936669588089, 0.018088771030306816, 0.016606051474809647, 0.01523516420274973, 0.013964997604489326, 0.01279666367918253, 0.011683698743581772, 0.010668489150702953, 0.009805507957935333, 0.008987351320683956, 0.008237029425799847, 0.007501405663788319, 0.00679396465420723, 0.006138212978839874, 0.005513687152415514, 0.0049532088451087475, 0.004518392030149698, 0.004175122361630201, 0.0038737510330975056, 0.0036006306763738394, 0.0033608018420636654, 0.0031101596541702747, 0.0028962676879018545, 0.00270618568174541, 0.002524913987144828, 0.0023464744444936514, 0.002164536854252219, 0.0020040918607264757, 0.0018778522498905659, 0.0017705685459077358, 0.0016756473341956735, 0.0016013581771403551, 0.0015265422407537699, 0.0015002104919403791, 0.001491714850999415, 0.0014887879369780421, 0.0014852663734927773, 0.0014857747592031956, 0.0014951411867514253, 0.00151372782420367, 0.0015285282861441374, 0.0015490588266402483, 0.0015885550528764725, 0.0016334453830495477, 0.0016845926875248551, 0.0017460279632359743, 0.0018187864916399121, 0.0018880300922319293, 0.0019597127102315426, 0.0020323614589869976, 0.002111414447426796, 0.0021894723176956177, 0.002264483133330941, 0.0023320973850786686] iterations:  1
200
200
midpoint:  [1.         0.99730226 0.99503634 0.99315445 0.99159041 0.99029672
 0.98923315 0.98835296 0.98763205 0.98703698 0.9865436  0.98611584
 0.98577035 0.9854618  0.98516492 0.98490559 0.98466404 0.98440094
 0.98413932 0.98387537 0.98360281 0.98329598 0.98299124 0.98264795
 0.98227211 0.98187581 0.98149784 0.98105883 0.98062266 0.98019473
 0.97974805 0.97927648 0.97879987 0.97831802 0.97781948 0.97727519
 0.97672109 0.97618076 0.97565238 0.97510701 0.97452908 0.97398693
 0.97345196 0.97288731 0.97236907 0.9718579  0.97130233 0.97073277
 0.97021546 0.96968491 0.96916902 0.96861613 0.96806155 0.9675718
 0.96699204 0.96638833 0.96581094 0.96520729 0.96464129 0.96400512
 0.96335364 0.96271296 0.96203787 0.96141245 0.96070064 0.96001886
 0.95931919 0.95856536 0.95780674 0.95699551 0.95624364 0.95529133
 0.95438178 0.95346708 0.9524735  0.95141665 0.95036778 0.94921854
 0.9481024  0.94691042 0.94555256 0.94416914 0.94273982 0.94119017
 0.93960607 0.93792506 0.9361935  0.93447458 0.93251864 0.93055719
 0.92855807 0.92650663 0.92441465 0.92212432 0.92003311 0.91777922
 0.91540247 0.91279154 0.91007964 0.90747356 0.90490862 0.90195674
 0.89908049 0.89597174 0.89284606 0.88938786 0.88608053 0.88264737
 0.87907797 0.87565468 0.87193715 0.86803207 0.86417642 0.86060964
 0.85649148 0.85226251 0.84820465 0.84381948 0.8394394  0.83478583
 0.83012744 0.82515338 0.82034715 0.81561926 0.81053844 0.80542507
 0.80013882 0.7947923  0.78959475 0.78412347 0.77881713 0.77346099
 0.76799581 0.76229195 0.7561197  0.75028815 0.74422026 0.73808619
 0.73179337 0.7254718  0.71901979 0.71253157 0.70604202 0.69939942
 0.69286092 0.68621003 0.67959355 0.67293669 0.66593393 0.6589263
 0.65188754 0.64481838 0.63777197 0.63022916 0.62293888 0.61536057
 0.6079989  0.60027263 0.59278801 0.58526853 0.57737717 0.56975965
 0.56206338 0.55411976 0.54626919 0.53828105 0.53036545 0.52281555
 0.51440035 0.50630775 0.49809204 0.4898859  0.48133109 0.47288842
 0.46488135 0.45620667 0.44787211 0.43946983 0.43056533 0.4217334
 0.41299408 0.40415397 0.39502753 0.38517293 0.37642492 0.36693129
 0.35772945 0.34787816 0.33893451 0.33004493 0.32058714 0.31122993
 0.30191539 0.29335054 0.28388009 0.27467683 0.26561103 0.25613949
 0.24628829 0.23667896]
mu:  [[1.         0.99729075 0.99501597 0.99311525 0.99153454 0.99022563
  0.98914572 0.98825691 0.9875258  0.9869231  0.98642325 0.98600404
  0.98564635 0.98533376 0.98505234 0.98479038 0.9845381  0.9842875
  0.9840321  0.98376679 0.98348763 0.98319173 0.98287708 0.98254242
  0.98218716 0.98181123 0.98141502 0.98099927 0.980565   0.98011347
  0.97964608 0.97916433 0.9786698  0.97816407 0.97764871 0.97712524
  0.9765951  0.97605966 0.97552015 0.97497768 0.97443323 0.97388761
  0.97334151 0.97279541 0.97224968 0.97170449 0.97115986 0.97061565
  0.97007155 0.96952712 0.96898174 0.96843466 0.967885   0.96733173
  0.9667737  0.96620965 0.96563821 0.9650579  0.96446713 0.96386425
  0.96324751 0.96261509 0.96196511 0.96129564 0.96060467 0.95989018
  0.9591501  0.95838231 0.95758469 0.95675511 0.9558914  0.9549914
  0.95405294 0.95307388 0.95205206 0.95098535 0.94987163 0.94870882
  0.94749483 0.94622764 0.94490524 0.94352567 0.942087   0.94058735
  0.93902488 0.9373978  0.93570436 0.93394287 0.9321117  0.93020925
  0.92823401 0.92618449 0.92405928 0.92185703 0.91957643 0.91721626
  0.91477532 0.91225251 0.90964676 0.90695708 0.90418253 0.90132223
  0.89837537 0.8953412  0.892219   0.88900815 0.88570806 0.8823182
  0.87883811 0.87526739 0.87160566 0.86785263 0.86400805 0.86007173
  0.85604352 0.85192332 0.84771109 0.84340683 0.83901059 0.83452248
  0.82994262 0.82527121 0.82050848 0.81565468 0.81071015 0.80567521
  0.80055027 0.79533574 0.79003209 0.78463982 0.77915944 0.77359152
  0.76793666 0.76219548 0.75636862 0.75045677 0.74446064 0.73838095
  0.73221846 0.72597396 0.71964824 0.71324213 0.70675648 0.70019215
  0.69355002 0.686831   0.680036   0.67316596 0.66622182 0.65920455
  0.65211513 0.64495454 0.63772377 0.63042385 0.6230558  0.61562063
  0.6081194  0.60055314 0.59292292 0.58522978 0.57747479 0.56965903
  0.56178356 0.55384947 0.54585783 0.53780974 0.52970627 0.52154851
  0.51333755 0.50507449 0.4967604  0.48839637 0.4799835  0.47152286
  0.46301555 0.45446264 0.44586521 0.43722434 0.42854109 0.41981654
  0.41105176 0.40224779 0.3934057  0.38452653 0.37561133 0.36666113
  0.35767698 0.34865989 0.33961089 0.33053099 0.32142119 0.31228249
  0.3031159  0.29392238 0.28470292 0.27545848 0.26619004 0.25689853
  0.2475849  0.2382501 ]]
line:  [1.         0.99438591 0.99005749 0.9867986  0.98442485 0.98277839
 0.98172364 0.98114408 0.98093946 0.98102368 0.98132293 0.98177416
 0.98232379 0.98292657 0.98354462 0.98414653 0.98470665 0.98520433
 0.9856234  0.98595152 0.98617974 0.98630203 0.98631488 0.98621689
 0.98600847 0.98569156 0.9852693  0.98474583 0.98412607 0.98341552
 0.98262011 0.98174602 0.98079959 0.97978721 0.97871519 0.97758972
 0.97641679 0.97520213 0.97395118 0.97266904 0.97136046 0.97002983
 0.96868112 0.96731794 0.9659435  0.96456059 0.96317164 0.96177871
 0.96038345 0.9589872  0.95759094 0.95619533 0.9548007  0.95340712
 0.95201437 0.95062197 0.9492292  0.94783513 0.94643862 0.94503834
 0.94363279 0.94222032 0.94079915 0.93936734 0.9379229  0.93646369
 0.93498753 0.93349215 0.93197524 0.93043443 0.92886733 0.92727153
 0.92564459 0.92398408 0.92228758 0.92055268 0.91877698 0.91695813
 0.91509379 0.91318168 0.91121956 0.90920523 0.90713657 0.90501149
 0.90282799 0.90058413 0.89827801 0.89590785 0.89347192 0.89096855
 0.88839618 0.88575331 0.88303852 0.88025048 0.87738793 0.8744497
 0.8714347  0.86834192 0.86517042 0.86191936 0.85858797 0.85517555
 0.85168149 0.84810525 0.84444637 0.84070445 0.83687918 0.83297031
 0.82897767 0.82490114 0.82074067 0.81649629 0.81216807 0.80775614
 0.80326071 0.79868203 0.7940204  0.78927618 0.78444978 0.77954165
 0.77455228 0.76948223 0.76433208 0.75910244 0.753794   0.74840743
 0.74294348 0.73740291 0.7317865  0.72609509 0.72032953 0.71449067
 0.70857943 0.70259672 0.69654347 0.69042064 0.68422921 0.67797016
 0.67164449 0.66525322 0.65879737 0.65227798 0.64569609 0.63905275
 0.63234901 0.62558594 0.61876461 0.61188607 0.60495141 0.5979617
 0.59091799 0.58382138 0.57667292 0.56947368 0.56222472 0.55492711
 0.5475819  0.54019014 0.53275288 0.52527115 0.51774598 0.51017841
 0.50256944 0.49492008 0.48723134 0.4795042  0.47173965 0.46393865
 0.45610218 0.44823118 0.44032659 0.43238935 0.42442038 0.41642057
 0.40839084 0.40033207 0.39224513 0.38413089 0.37599019 0.36782389
 0.3596328  0.35141774 0.34317952 0.33491893 0.32663674 0.31833374
 0.31001067 0.30166829 0.29330731 0.28492847 0.27653248 0.26812003
 0.2596918  0.25124847 0.24279071 0.23431917 0.22583448 0.21733728
 0.20882818 0.20030779]
[0.0, 0.0, 0.0, 0.0, 0.0, 0.0, 0.0, 0.0, 0.0, 0.0, 0.0, 0.0, 0.0, 0.0, 0.0, 0.0, 0.0, 0.0, 0.0, 0.0, 0.0, 0.0, 0.0, 0.0, 0.0, 0.0, 0.0, 0.0, 0.0, 0.0, 8.6450466263085e-311, 1.1151618474643757e-299, 9.02908698755891e-289, 4.586953602962262e-278, 1.4616157784565227e-267, 2.9203763822384085e-257, 3.657834801585655e-247, 2.8713522516758555e-237, 1.4123358586213683e-227, 4.3521627516658953e-218, 8.400959439329564e-209, 1.0156982675954778e-199, 7.690994012003127e-191, 3.6472576557264686e-182, 1.0832164895576306e-173, 2.0148461651934428e-165, 2.347326992714864e-157, 1.7129783308550685e-149, 7.831274312152402e-142, 2.2432887176085324e-134, 4.027115329766332e-127, 4.53165853947224e-120, 3.1973234595491624e-113, 1.41484310209529e-106, 3.9279163400902846e-100, 6.843876866141902e-94, 7.486790959954883e-88, 5.1442736058435493e-82, 2.2211718693696273e-76, 6.02946155346734e-71, 1.0295209239664418e-65, 1.1063373422399247e-60, 7.486598544367041e-56, 3.192186284079877e-51, 8.581712471497705e-47, 1.4555603637903968e-42, 1.558685673802908e-38, 1.0545651880721418e-34, 4.5113058290448135e-31, 1.2211956391081782e-27, 2.093511008919191e-24, 2.2747715724743257e-21, 1.568017512741421e-18, 6.862858790841655e-16, 1.9089873593106275e-13, 3.378002073889933e-11, 3.8062982148696835e-09, 2.7338265514855865e-07, 1.2528973447185023e-05, 0.0003667747035453297, 0.006865897360109576, 0.08228024825371077, 0.631963580648656, 3.114554214149284, 9.861151407729338, 20.082553119753257, 26.33980316762089, 22.277277459945168, 12.16556280204448, 4.295344740952257, 0.9818505724136327, 0.14550255429585957, 0.013998462422647316, 0.0008755711363537046, 3.565585975051117e-05, 9.467509408766841e-07, 1.641544939488383e-08, 1.861395183690033e-10, 1.3824816107812327e-12, 6.735824800162996e-15, 2.15634315192669e-17]
Integrating the pdf from -inf to +inf:  (0.9999999999870004, 5.243209212664198e-09)







"C:\Users\Michael Chen\Downloads\radius-master\venv\Scripts\python.exe" C:/Desktop/pythonProjects/Comments-On-GrimolinRussel22/run_alternative_data/plot_alt_data.py
C:\Users\Michael Chen\Downloads\radius-master\venv\lib\site-packages\scipy\stats\_morestats.py:1758: UserWarning: Input data for shapiro has range zero. The results may not be accurate.
  warnings.warn("Input data for shapiro has range zero. The results "
Iterations to reach normal samples:  8
Number of normal samples:  141
[0.99502678 0.99118783 0.98824336 0.98600463 0.98431201 0.98300976
 0.98200799 0.98120182 0.98053662 0.97995596 0.97943795 0.97891316
 0.97837408 0.97780434 0.97720319 0.97656464 0.97587261 0.97517375
 0.97441612 0.97363972 0.97285255 0.97205868 0.9712608  0.97046706
 0.96967459 0.96887593 0.96809437 0.96735128 0.96663518 0.96592628
 0.96526826 0.96459733 0.96396985 0.96339953 0.96284949 0.96232892
 0.96181266 0.9612794  0.96081989 0.96031238 0.95978544 0.95926627
 0.95870819 0.95813411 0.95754429 0.9568617  0.95614593 0.95537423
 0.95451559 0.9535978  0.9525286  0.95144632 0.95025495 0.94893781
 0.94746322 0.94592216 0.94423326 0.94247181 0.94048863 0.93837021
 0.93607509 0.93365767 0.93102796 0.92827571 0.92528867 0.92221083
 0.91894579 0.91539653 0.91175487 0.90789904 0.90390328 0.89956375
 0.89509136 0.89031958 0.88545858 0.8803763  0.87508792 0.86965493
 0.86384541 0.85810361 0.85188184 0.84561732 0.83920151 0.83247005
 0.8255927  0.81855627 0.81129181 0.80363036 0.79577687 0.78799975
 0.77982617 0.77170575 0.76322093 0.75446164 0.74558244 0.73633377
 0.727053   0.71740519 0.70777469 0.69770375 0.68777687 0.67764741
 0.6674216  0.65719532 0.64658339 0.63582017 0.6252311  0.6143411
 0.6030513  0.59166914 0.58007689 0.56831527 0.55670448 0.54482738
 0.53317209 0.52148437 0.50919416 0.49684632 0.48460333 0.4720572
 0.46003594 0.44760807 0.43534941 0.42279546 0.40996403 0.39726129
 0.38489332 0.37208387 0.35901846 0.34548915 0.33216991 0.31872687
 0.30545843 0.29202644 0.27854416 0.26505173 0.25178602 0.23887249
 0.22534071 0.21220862]
[0.00030783 0.00049086 0.00058755 0.0006365  0.00065435 0.00065077
 0.00066737 0.00069957 0.00072455 0.00074844 0.00077002 0.00079721
 0.00083116 0.00086114 0.00091924 0.00096321 0.00098819 0.00100826
 0.00102312 0.00104553 0.00107788 0.00111458 0.00114493 0.00117273
 0.00118094 0.00122408 0.00125354 0.00131316 0.00132497 0.00137505
 0.00144934 0.00151278 0.00157008 0.00159837 0.00168502 0.00176952
 0.00184277 0.00192212 0.00201398 0.00210071 0.0022088  0.00233706
 0.00243163 0.00252479 0.00263413 0.00278882 0.00298576 0.00314059
 0.00330116 0.00339565 0.00354907 0.00373981 0.00398697 0.0042242
 0.00445966 0.00468876 0.00492749 0.00517199 0.0054578  0.00576415
 0.00606756 0.00637233 0.00677654 0.00704427 0.00748825 0.00787406
 0.00840835 0.00871076 0.00920271 0.00975764 0.01017115 0.0107427
 0.01136045 0.01198664 0.01237318 0.01303996 0.01366172 0.01436469
 0.01516759 0.01599638 0.01664477 0.01726611 0.01796077 0.01876409
 0.01966614 0.02052664 0.02139452 0.02241116 0.02354252 0.02438763
 0.02552538 0.02664558 0.02752576 0.02883973 0.02982094 0.03115403
 0.03241524 0.03391873 0.03534526 0.03690502 0.03810308 0.03951393
 0.0409691  0.04220799 0.04370239 0.04552951 0.04699172 0.04873552
 0.05037552 0.05223062 0.05393007 0.05582036 0.05753503 0.05926801
 0.0609298  0.06265704 0.06478471 0.06668631 0.0688072  0.07089952
 0.07278005 0.07444246 0.07599267 0.0775359  0.07935716 0.08138218
 0.08347519 0.08599834 0.08778346 0.08945308 0.09141404 0.09362692
 0.0955998  0.09793796 0.10018091 0.10272407 0.10520171 0.10719166
 0.10970296 0.11198408]
[1.00336725 1.00510047 1.00563858 1.00529427 1.00434019 1.00298467
 1.0014198  0.99976822 0.99811468 0.99652858 0.99509401 0.99378197
 0.992673   0.99177431 0.99104872 0.99055053 0.99020081 0.99008301
 0.99013262 0.99035964 0.99068985 0.99115731 0.99174327 0.99242966
 0.99319009 0.9940273  0.99493281 0.99590345 0.99692234 0.99796163
 0.99902682 1.00011901 1.00122718 1.00233455 1.00345792 1.00459261
 1.00571752 1.00684313 1.00796654 1.0090871  1.01018375 1.0112925
 1.01237186 1.01346354 1.01456545 1.01564314 1.01671421 1.01777694
 1.01884779 1.01990249 1.02095912 1.02202472 1.02308479 1.02414212
 1.02520185 1.02626641 1.02734218 1.0284281  1.02951287 1.03057185
 1.03168038 1.03281484 1.03395927 1.03508108 1.0361909  1.03734047
 1.03849813 1.03967561 1.04082123 1.0420182  1.04320809 1.04441175
 1.04560799 1.04678805 1.04797759 1.0491648  1.05040215 1.05158014
 1.05280715 1.0540381  1.05522493 1.05641654 1.0576345  1.05885705
 1.06006097 1.061259   1.06245804 1.06364115 1.06482652 1.06601344
 1.06717525 1.06834811 1.0694665  1.07062245 1.07175866 1.07293838
 1.07410972 1.07517912 1.07631139 1.07738479 1.07841905 1.07944317
 1.08048286 1.08143231 1.08243715 1.08341142 1.08433952 1.08528355
 1.08619991 1.08710039 1.08798933 1.0887906  1.08960052 1.09041058
 1.09115079 1.09181547 1.09252379 1.09324844 1.09383148 1.0944802
 1.09507405 1.09560852 1.0962215  1.09677259 1.09734358 1.09785813
 1.09828526 1.09867676 1.09912047 1.09942046 1.09972058 1.0999875
 1.10021415 1.10051063 1.10072345 1.1008917  1.10107975 1.1012861
 1.10142501 1.10149288]
[0.00054115 0.00089168 0.0010866  0.00119597 0.00124899 0.00123967
 0.00125302 0.00124418 0.00123597 0.0012127  0.00120925 0.00118966
 0.00116983 0.001134   0.00111044 0.00107571 0.00106843 0.00105926
 0.00105618 0.00104023 0.00101787 0.00100117 0.00099781 0.0009906
 0.00098985 0.000995   0.00100824 0.00102696 0.00103284 0.00105574
 0.00107045 0.00107681 0.00109099 0.00111419 0.0011589  0.00119953
 0.00121628 0.00124398 0.00126157 0.00128411 0.00128836 0.00130118
 0.00132509 0.00134484 0.00135948 0.00137527 0.00138419 0.00138977
 0.00141953 0.00142867 0.00143681 0.00145022 0.00145372 0.00147034
 0.00147786 0.00149058 0.00149736 0.00151463 0.00153287 0.00156218
 0.00157672 0.00159277 0.00162317 0.00163668 0.00166005 0.0016553
 0.00167554 0.00171436 0.00173877 0.00174689 0.0017577  0.00177897
 0.00182232 0.00183177 0.00183857 0.00185337 0.00184859 0.00190718
 0.0019289  0.00192945 0.00195773 0.00198906 0.00201084 0.00205431
 0.00208327 0.00210033 0.00214694 0.0021631  0.00219958 0.00223129
 0.00228621 0.00231743 0.00236298 0.00243025 0.00248823 0.00249994
 0.00258433 0.00270229 0.0027229  0.00282191 0.00294421 0.00302079
 0.00309567 0.0032243  0.00328033 0.00339947 0.00349979 0.00363052
 0.0037547  0.00385115 0.00401684 0.00424483 0.00442051 0.00464474
 0.00478589 0.00493488 0.0051258  0.00531072 0.00552298 0.00567462
 0.00590696 0.00615237 0.0063388  0.0065487  0.00669942 0.00684698
 0.00706542 0.00731593 0.00745073 0.0076676  0.00792505 0.00817493
 0.00837293 0.00858239 0.00885592 0.00915331 0.00940151 0.00972315
 0.01002224 0.01025284]
Integrating the pdf from -inf to +inf:  (5.972172206809853e-14, 1.156783002720374e-13)
Integrating the pdf from -inf to +inf:  (1.0000000000003566, 4.840338958834524e-09)
Test st dev, Q^2:  0.52
Scipy.stats.rv_continuous numbers:  0.9309444449319715   0.003890365676767582
My makeshift method numbers:  0.9309444449305624   0.003890366543281268
Integrating the pdf from -inf to +inf:  (0.9999999999179218, 6.8413930618784015e-09)
Test st dev, Q^2:  0.53
Scipy.stats.rv_continuous numbers:  0.9288153664478357   0.00411443857437524
My makeshift method numbers:  0.9288153663697228   5.60626846372655e-05
Integrating the pdf from -inf to +inf:  (1.0000000000315459, 1.1170301396458822e-08)
Test st dev, Q^2:  0.54
Scipy.stats.rv_continuous numbers:  0.9265703902537246   0.004333847727501503
My makeshift method numbers:  0.9265703902839152   3.0728250115736974e-05
Integrating the pdf from -inf to +inf:  (0.9999999999772007, 8.903410632449024e-10)
Test st dev, Q^2:  0.55
Scipy.stats.rv_continuous numbers:  0.9241742856016975   0.0045494792317726344
My makeshift method numbers:  0.9241742855793655   1.566590293924077e-05
Integrating the pdf from -inf to +inf:  (1.0000000000138516, 3.9050076570386726e-10)
Test st dev, Q^2:  0.56
Scipy.stats.rv_continuous numbers:  0.9217140326959001   0.004760872383372669
My makeshift method numbers:  0.9217140327090902   7.799679862449013e-06
Integrating the pdf from -inf to +inf:  (1.0000000000224445, 4.9665178001756825e-09)
Test st dev, Q^2:  0.5700000000000001
Scipy.stats.rv_continuous numbers:  0.9191049356698868   0.0049799287684365095
My makeshift method numbers:  0.9191049356905812   3.7662293442027744e-06
Integrating the pdf from -inf to +inf:  (2.9853843016779384e-09, 5.782396703860046e-09)
Test st dev, Q^2:  0.58
Scipy.stats.rv_continuous numbers:  0.9164217282201226   0.005207003457727321
My makeshift method numbers:  2.837221323150923e-09   5.1926983622344725e-05
Integrating the pdf from -inf to +inf:  (7.17618431717131e-10, 1.3645909926376554e-09)
Test st dev, Q^2:  0.59
Scipy.stats.rv_continuous numbers:  0.9135298247218966   0.00547307172489199
My makeshift method numbers:  6.81027440832006e-10   2.542392563582585e-05
Integrating the pdf from -inf to +inf:  (5.828074331539565e-09, 1.0677719288138364e-08)
Test st dev, Q^2:  0.6
Scipy.stats.rv_continuous numbers:  0.9105356104483758   0.0057609608782873785
My makeshift method numbers:  5.105200505527353e-09   6.688118169509687e-05
Integrating the pdf from -inf to +inf:  (1.0000000000067135, 1.1586027880923e-08)
Test st dev, Q^2:  0.61
Scipy.stats.rv_continuous numbers:  0.9073326278121664   0.006042524833995914
My makeshift method numbers:  0.9073326278182354   3.0873228785836e-05
Integrating the pdf from -inf to +inf:  (1.000000000025684, 1.937838063752969e-09)
Test st dev, Q^2:  0.62
Scipy.stats.rv_continuous numbers:  0.9039954243815431   0.006325428182910007
My makeshift method numbers:  0.903995424405496   0.006325428167954421
Integrating the pdf from -inf to +inf:  (1.0000000000148297, 6.094092643205868e-09)
Test st dev, Q^2:  0.63
Scipy.stats.rv_continuous numbers:  0.9004515816536531   0.006704710146357933
My makeshift method numbers:  0.9004515816668225   0.006704710104367185
Integrating the pdf from -inf to +inf:  (0.9999999999483192, 2.235934060394845e-09)
Test st dev, Q^2:  0.64
Scipy.stats.rv_continuous numbers:  0.8968167357696105   0.006951724477036584
My makeshift method numbers:  0.8968167357215461   0.006951724456204564
Integrating the pdf from -inf to +inf:  (0.9999999999987721, 5.189640584920501e-10)
Test st dev, Q^2:  0.65
Scipy.stats.rv_continuous numbers:  0.8929735250050271   0.007367011937701531
My makeshift method numbers:  0.8929735252374033   0.007366983035216612
Integrating the pdf from -inf to +inf:  (0.9999999999970083, 1.7403735598435884e-10)
Test st dev, Q^2:  0.66
Scipy.stats.rv_continuous numbers:  0.8890168700928665   0.007722082133325289
My makeshift method numbers:  0.8890168701018601   0.007722080861601089
Integrating the pdf from -inf to +inf:  (1.0000000000416316, 8.815703807789394e-09)
Test st dev, Q^2:  0.67
Scipy.stats.rv_continuous numbers:  0.8848818842778101   0.00822159038130013
My makeshift method numbers:  0.8848818843198212   0.008221589990105607
Integrating the pdf from -inf to +inf:  (1.000000000035921, 1.7235878543916586e-09)
Test st dev, Q^2:  0.68
Scipy.stats.rv_continuous numbers:  0.8804659938089836   0.008503240857372923
My makeshift method numbers:  0.8804659938412116   0.00850324082854985
Integrating the pdf from -inf to +inf:  (0.999999999991906, 7.952147765735176e-10)


Integrating the pdf from -inf to +inf:  (0.999999999991906, 7.952147765735176e-10)
Test st dev, Q^2:  0.6900000000000001
Scipy.stats.rv_continuous numbers:  0.875998090882206   0.008962104582915895
My makeshift method numbers:  0.8759980908738902   0.008962104510298686
Integrating the pdf from -inf to +inf:  (0.9999999999473242, 4.518240697889621e-09)
Test st dev, Q^2:  0.7000000000000001
Scipy.stats.rv_continuous numbers:  0.8712914893432304   0.00947745097772754
My makeshift method numbers:  0.871291489295761   0.009477450942573929
Integrating the pdf from -inf to +inf:  (1.0000000000312432, 5.338084775950953e-09)
Test st dev, Q^2:  0.71
Scipy.stats.rv_continuous numbers:  0.8664674413257337   0.00985861138706952
My makeshift method numbers:  0.8664674413534499   0.009858611363905645
Integrating the pdf from -inf to +inf:  (1.0000000000122273, 1.0233322345714896e-09)
Test st dev, Q^2:  0.72
Scipy.stats.rv_continuous numbers:  0.8613139058904986   0.010390034792382704
My makeshift method numbers:  0.8613139058988273   0.01039003515346924
Integrating the pdf from -inf to +inf:  (0.99999999998502, 2.5670549050183973e-10)
Test st dev, Q^2:  0.73
Scipy.stats.rv_continuous numbers:  0.8560513062756255   0.010966933437221825
My makeshift method numbers:  0.8560513062811703   0.010966932041802347
Integrating the pdf from -inf to +inf:  (0.9999999999815168, 3.990581255343602e-10)
Test st dev, Q^2:  0.74
Scipy.stats.rv_continuous numbers:  0.850527765612949   0.011547248327346835
My makeshift method numbers:  0.8505277655936087   0.01154724863435197
Integrating the pdf from -inf to +inf:  (0.999999999976964, 1.4531755080327065e-08)
Test st dev, Q^2:  0.75
Scipy.stats.rv_continuous numbers:  0.844923891349073   0.011899463785469352
My makeshift method numbers:  0.8449238913331507   0.011899464082456599
Integrating the pdf from -inf to +inf:  (1.0000000000609588, 1.062731703095399e-09)
Test st dev, Q^2:  0.76
Scipy.stats.rv_continuous numbers:  0.8391236992791059   0.012517038952916787
My makeshift method numbers:  0.8391236993344516   0.012517038907199896
Integrating the pdf from -inf to +inf:  (1.000000000012584, 6.49655358985525e-10)
Test st dev, Q^2:  0.77
Scipy.stats.rv_continuous numbers:  0.8331005740389249   0.01308862467905607
My makeshift method numbers:  0.8331005740499976   0.013088624644066873
Integrating the pdf from -inf to +inf:  (1.0000000000097289, 7.677366991388114e-09)
Test st dev, Q^2:  0.78
Scipy.stats.rv_continuous numbers:  0.8270009692358817   0.013742264109367536
My makeshift method numbers:  0.827000969244043   0.013742264044464148
Integrating the pdf from -inf to +inf:  (1.0000000000011562, 1.3221334797943706e-08)
Test st dev, Q^2:  0.79
Scipy.stats.rv_continuous numbers:  0.8205190356982287   0.014485105659048156
My makeshift method numbers:  0.8205190357019574   0.014485105618148019
Integrating the pdf from -inf to +inf:  (1.0000000000029428, 4.0668659902787844e-10)

