RUN:  RUN 1: OG DATA 
Cross-validation without regularization: [N, chi^2_train, chi^2_test]
 [[   1 4934 5114]
 [   2 1949 2029]
 [   3 1876 2358]
 [   4 1854 2255]
 [   5 1574 1682]
 [   6 1566 1703]
 [   7 1557 1912]
 [   8 1544 2059]]

Value of N, n, at which chi^2_test was minimized:  5

Optimized regularization parameters: (for orders [5 6 7 8]) [0.02, 0.07, 0.2, 0.4]

Cross-validation with optimized regularization:  [N, lambda, chi^2_train, chi^2_test]
 [[5.000e+00 2.000e-02 1.574e+03 1.657e+03]
 [6.000e+00 7.000e-02 1.571e+03 1.664e+03]
 [7.000e+00 2.000e-01 1.570e+03 1.672e+03]
 [8.000e+00 4.000e-01 1.569e+03 1.679e+03]]

Table II: [N, lambda, L, chi^2, b^2_1, r_E]
 [[5.00000000e+00 2.00000000e-02 1.58408754e+03 1.57564146e+03
  1.14870932e+01 8.88747204e-01]
 [6.00000000e+00 7.00000000e-02 1.57994098e+03 1.57314026e+03
  1.14218774e+01 8.86601681e-01]
 [7.00000000e+00 2.00000000e-01 1.57894223e+03 1.57171601e+03
  1.13655225e+01 8.84743478e-01]
 [8.00000000e+00 4.00000000e-01 1.57777011e+03 1.57079673e+03
  1.13245291e+01 8.83389340e-01]]



RUN:  RUN 2: Rebinned+PRad 
Cross-validation without regularization: [N, chi^2_train, chi^2_test]
 [[   1 2743 2019]
 [   2  995  688]
 [   3  963  910]
 [   4  913 1097]
 [   5  851 1213]
 [   6  824  644]
 [   7  823  748]
 [   8  807  907]
 [   9  807  907]
 [  10  807  907]]

Value of N, n, at which chi^2_test was minimized:  6

searched lambdas: lambdas = [0.01, 0.02, 0.03, 0.04, 0.05, 0.06, 0.07, 0.08, 0.09, 0.1, 0.11,0.12,0.13,0.14,0.15,0.2, 0.3, 0.4, 0.5, 0.6,0.7,0.8,0.9]
Optimized regularization parameters: (for orders [ 6  7  8  9 10])  [0.1, 0.3, 0.5, 0.5, 0.5])

Cross-validation with optimized regularization: [N, lambda, chi^2_train, chi^2_test]
 [[6.00e+00 1.00e-01 8.49e+02 5.71e+02]
 [7.00e+00 3.00e-01 8.48e+02 5.74e+02]
 [8.00e+00 5.00e-01 8.46e+02 5.74e+02]
 [9.00e+00 5.00e-01 8.46e+02 5.74e+02]
 [1.00e+01 5.00e-01 8.46e+02 5.74e+02]]

Table II: [N, lambda, L, chi^2, b^2_1, r_E]
 [[6.00000000e+00 1.00000000e-01 6.28851460e+02 6.24284574e+02
  1.00787406e+01 8.41197998e-01]
 [7.00000000e+00 3.00000000e-01 6.28192222e+02 6.23137890e+02
  1.00702545e+01 8.40903341e-01]
 [8.00000000e+00 5.00000000e-01 6.26235221e+02 6.21752088e+02
  1.00646415e+01 8.40708385e-01]
 [9.00000000e+00 5.00000000e-01 6.26235221e+02 6.21752088e+02
  1.00646415e+01 8.40708385e-01]
 [1.00000000e+01 5.00000000e-01 6.26235221e+02 6.21752088e+02
  1.00646415e+01 8.40708385e-01]]



RUN:  RUN 3: Rebinned 
Cross-validation without regularization: [N, chi^2_train, chi^2_test]
 [[   1 1933 2019]
 [   2  642  688]
 [   3  616  903]
 [   4  580 1105]
 [   5  509  573]
 [   6  506  591]
 [   7  505  672]
 [   8  499  826]
 [   9  499  826]
 [  10  499  826]]

Value of N, n, at which chi^2_test was minimized:  5

searched: lambdas = [0.01, 0.02, 0.03, 0.04, 0.05, 0.06, 0.07, 0.08, 0.09, 0.1, 0.11,0.12,0.13,0.14,0.15,0.2, 0.3, 0.4, 0.5, 0.6,0.7,0.8,0.9]
Optimized regularization parameters: (for orders [ 5  6  7  8  9 10]) [0.01, 0.03, 0.07, 0.12, 0.12, 0.12]

Cross-validation with optimized regularization: [N, lambda, chi^2_train, chi^2_test]
 [[5.00e+00 1.00e-02 5.10e+02 5.53e+02]
 [6.00e+00 3.00e-02 5.08e+02 5.57e+02]
 [7.00e+00 7.00e-02 5.08e+02 5.63e+02]
 [8.00e+00 1.20e-01 5.07e+02 5.69e+02]
 [9.00e+00 1.20e-01 5.07e+02 5.69e+02]
 [1.00e+01 1.20e-01 5.07e+02 5.69e+02]]

Table II: [N, lambda, L, chi^2, b^2_1, r_E]
 [[5.00000000e+00 1.00000000e-02 5.13869726e+02 5.10371951e+02
  1.08836620e+01 8.68692721e-01]
 [6.00000000e+00 3.00000000e-02 5.11852496e+02 5.09468132e+02
  1.08426088e+01 8.67311509e-01]
 [7.00000000e+00 7.00000000e-02 5.11007653e+02 5.08914341e+02
  1.08046254e+01 8.66031616e-01]
 [8.00000000e+00 1.20000000e-01 5.10311094e+02 5.08566367e+02
  1.07746993e+01 8.65021889e-01]
 [9.00000000e+00 1.20000000e-01 5.10311094e+02 5.08566367e+02
  1.07746993e+01 8.65021889e-01]
 [1.00000000e+01 1.20000000e-01 5.10311094e+02 5.08566367e+02
  1.07746993e+01 8.65021889e-01]]



RUN:  RUN 4: OG+PRad 
Cross-validation without regularization: [N, chi^2_train, chi^2_test]
 [[   1 6807 5114]
 [   2 2771 2030]
 [   3 2704 2383]
 [   4 2672 2290]
 [   5 2393 2545]
 [   6 2308 1798]
 [   7 2304 2056]
 [   8 2257 2431]
 [   9 2257 2420]
 [  10 2257 2420]]

Value of N, n, at which chi^2_test was minimized:  6

searched: lambdas = [0.01, 0.02, 0.03, 0.04, 0.05, 0.06, 0.07, 0.08, 0.09, 0.1, 0.11,0.12,0.13,0.14,0.15,0.2, 0.3, 0.4, 0.5, 0.6,0.7,0.8,0.9]
Optimized regularization parameters: (for orders [ 6  7  8  9 10]) [0.2, 0.6, 0.9, 0.9, 0.9]

Cross-validation with optimized regularization: [N, lambda, chi^2_train, chi^2_test]
 [[6.000e+00 2.000e-01 2.388e+03 1.705e+03]
 [7.000e+00 6.000e-01 2.383e+03 1.703e+03]
 [8.000e+00 9.000e-01 2.376e+03 1.711e+03]
 [9.000e+00 9.000e-01 2.376e+03 1.711e+03]
 [1.000e+01 9.000e-01 2.376e+03 1.711e+03]]

Table II: [N, lambda, L, chi^2, b^2_1, r_E]
 [[6.00000000e+00 2.00000000e-01 1.77269133e+03 1.76020143e+03
  1.06566076e+01 8.61025839e-01]
 [7.00000000e+00 6.00000000e-01 1.77026522e+03 1.75637091e+03
  1.06392942e+01 8.60438420e-01]
 [8.00000000e+00 9.00000000e-01 1.76306990e+03 1.75120427e+03
  1.06249448e+01 8.59951260e-01]
 [9.00000000e+00 9.00000000e-01 1.76306990e+03 1.75120427e+03
  1.06249448e+01 8.59951260e-01]
 [1.00000000e+01 9.00000000e-01 1.76306990e+03 1.75120427e+03
  1.06249448e+01 8.59951260e-01]]


RUN:  RUN 5: PRad Alone 
Cross-validation without regularization: [N, chi^2_train, chi^2_test]
 [[ 1 31  0]
 [ 2 31  0]
 [ 3 30  0]
 [ 4 30  0]
 [ 5 28  0]]

Value of N, n, at which chi^2_test was minimized:  1

searched: lambdas = [0.01, 0.02, 0.03, 0.04, 0.05, 0.06, 0.07, 0.08, 0.09, 0.1, 0.11,0.12,0.13,0.14,0.15,0.2, 0.3, 0.4, 0.5, 0.6,0.7,0.8,0.9]
Optimized regularization parameters: (for orders [1 2 3 4 5]) [0, 0, 0, 0, 0]

Cross-validation with optimized regularization: [N, lambda, chi^2_train, chi^2_test]
 [[ 1.  0. 31.  0.]
 [ 2.  0. 31.  0.]
 [ 3.  0. 30.  0.]
 [ 4.  0. 30.  0.]
 [ 5.  0. 28.  0.]]

Table II: [N, lambda, L, chi^2, b^2_1, r_E]
 [[ 1.          0.         88.4414435  88.4414435   9.74296404  0.8294591 ]
 [ 2.          0.         85.64830657 85.64830657  8.89483532  0.79904057]
 [ 3.          0.         84.44700403 84.44700403 12.44523927  0.91969231]
 [ 4.          0.         85.52489323 85.52489323  8.42879693  0.78182221]
 [ 5.          0.         76.95648845 76.95648845 17.11767591  1.05770341]]

